101
29
101
29
101
29
101
29
101
29
101
29
101
29
101
29
101
29
101
29
101
29
101
29
101
29
101
29
101
29
101
29
101
29
101
29
101
29
101
29
101
29
101
29
101
29
101
29
101
29
101
29
101
29
101
29
101
29
101
29
101
29
101
29
101
29
101
29
101
29
101
29
101
29
101
29
101
29
101
29
101
29
101
29
101
29
101
29
101
29
101
29
101
29
101
29
101
29
101
29
101
29
101
29
101
29
101
29
101
29
101
29
101
29
101
29
101
29
101
29
101
29
101
29
101
29
101
29
101
29
101
29
101
29
101
29
101
29
101
29
101
29
101
29
101
29
101
29
101
29
101
29
101
29
101
29
101
29
101
29
101
29
101
29
101
29
101
29
101
29
101
29
101
29
101
29
101
29
101
29
101
29
101
29
101
29
101
29
101
29
101
29
100
29
101
29
100
29
100
30
100
30
100
30
100
30
100
30
99
30
100
30
99
30
99
30
97
31
99
30
97
31
97
31
97
31
97
31
97
31
97
31
97
31
97
31
97
31
96
32
96
32
96
32
96
32
96
32
94
34
96
32
94
34
94
34
94
34
94
34
94
34
93
35
93
35
93
35
93
35
92
35
92
35
92
35
92
35
92
35
91
36
92
35
91
36
91
37
91
37
91
37
91
37
90
38
90
38
90
38
90
38
90
39
90
39
90
39
90
39
90
39
90
41
90
39
90
41
88
42
88
42
88
42
88
42
88
43
88
43
88
43
88
43
87
44
87
45
87
44
87
45
87
45
86
47
87
45
86
47
86
47
86
47
86
47
86
47
86
47
86
47
86
47
86
47
86
47
86
48
86
47
86
48
86
48
86
50
86
48
86
50
86
51
86
51
86
51
86
51
86
52
86
54
86
52
86
54
86
54
86
54
86
54
86
54
86
56
86
56
86
56
86
56
86
56
86
56
86
56
86
56
86
58
86
59
86
58
86
59
86
59
86
61
86
59
86
61
86
62
86
62
86
62
86
62
87
64
87
64
87
64
87
64
87
65
88
66
87
65
88
66
88
66
89
68
88
66
89
68
91
69
91
69
91
69
91
69
93
71
94
71
93
71
94
71
94
71
94
71
94
71
94
71
95
72
95
72
95
72
95
72
97
73
97
73
97
73
97
73
98
74
99
75
98
74
99
75
99
75
101
76
99
75
101
76
102
77
102
77
102
77
102
77
102
77
103
77
102
77
103
77
103
77
103
77
103
77
103
77
103
77
105
78
103
77
105
78
107
78
107
78
107
78
107
78
107
78
107
78
107
78
107
78
107
78
109
79
107
78
109
79
109
79
109
79
109
79
109
79
109
79
109
79
109
79
109
79
109
79
109
79
109
79
109
79
109
79
109
79
109
79
109
79
109
79
109
79
109
79
109
79
110
79
112
79
110
79
112
79
112
79
115
79
112
79
115
79
115
79
117
79
115
79
117
79
119
79
119
79
119
79
119
79
123
79
123
79
123
79
123
79
125
79
127
80
125
79
127
80
127
80
130
80
127
80
130
80
130
80
130
80
130
80
130
80
133
80
133
80
133
80
133
80
133
80
135
81
133
80
135
81
135
81
136
81
135
81
136
81
137
81
137
81
137
81
137
81
139
81
139
81
139
81
139
81
139
81
140
81
139
81
140
81
140
81
140
81
140
81
140
81
142
81
142
81
142
81
142
81
142
81
143
82
142
81
143
82
143
82
143
82
143
82
143
82
143
82
143
82
143
82
143
82
145
82
145
82
145
82
145
82
147
83
148
83
147
83
148
83
148
83
150
83
148
83
150
83
151
84
151
84
151
84
151
84
153
85
154
86
153
85
154
86
154
86
155
86
154
86
155
86
155
86
157
87
155
86
157
87
157
87
157
87
157
87
157
87
158
88
159
89
158
88
159
89
159
89
159
90
159
89
159
90
161
91
161
91
161
91
161
91
161
91
161
91
161
91
161
91
161
91
161
92
161
91
161
92
161
92
161
92
161
92
161
92
161
93
161
93
161
93
161
93
161
94
161
94
161
94
161
94
161
95
161
95
161
95
161
95
161
95
161
96
161
95
161
96
161
98
161
98
161
98
161
98
161
99
161
101
161
99
161
101
161
101
161
101
161
101
161
101
161
103
161
103
161
103
161
103
161
103
161
103
161
103
161
103
161
104
161
105
161
104
161
105
161
105
161
106
161
105
161
106
161
107
161
107
161
107
161
107
161
107
161
107
161
107
161
107
161
108
161
109
161
108
161
109
161
109
161
110
161
109
161
110
160
111
160
111
160
111
160
111
160
112
159
113
160
112
159
113
159
113
159
113
159
113
159
113
159
113
157
114
159
113
157
114
156
115
156
115
156
115
156
115
156
115
155
115
156
115
155
115
155
115
154
117
155
115
154
117
154
117
154
117
154
117
154
117
152
118
152
118
152
118
152
118
152
118
151
119
152
118
151
119
151
119
150
121
151
119
150
121
150
121
150
122
150
121
150
122
150
122
150
122
150
122
150
122
150
122
147
123
150
122
147
123
147
123
147
124
147
123
147
124
147
125
147
125
147
125
147
125
147
125
147
125
147
125
147
125
146
126
146
127
146
126
146
127
146
127
146
128
146
127
146
128
146
128
146
128
146
128
146
128
145
129
145
129
145
129
145
129
145
130
144
131
145
130
144
131
144
131
143
132
144
131
143
132
143
133
143
133
143
133
143
133
143
133
143
133
143
133
143
133
143
133
143
135
143
133
143
135
143
135
143
135
143
135
143
135
143
136
143
136
143
136
143
136
143
137
143
138
143
137
143
138
143
138
143
139
143
138
143
139
143
139
143
139
143
139
143
139
143
139
143
139
143
139
143
139
144
140
145
141
144
140
145
141
145
141
147
142
145
141
147
142
148
143
148
143
148
143
148
143
149
144
149
144
149
144
149
144
149
144
151
145
149
144
151
145
151
145
153
146
151
145
153
146
153
146
153
146
153
146
153
146
154
146
154
146
154
146
154
146
155
146
156
147
155
146
156
147
156
147
156
147
156
147
156
147
156
147
156
147
156
147
156
147
156
147
157
147
156
147
157
147
157
147
157
147
157
147
157
147
157
147
158
148
157
147
158
148
160
149
160
149
160
149
160
149
161
149
162
149
161
149
162
149
162
149
166
150
162
149
166
150
166
150
167
151
166
150
167
151
169
151
169
151
169
151
169
151
170
152
172
152
170
152
172
152
172
152
175
153
172
152
175
153
175
153
175
153
175
153
175
153
177
154
177
154
177
154
177
154
178
154
180
154
178
154
180
154
180
154
182
155
180
154
182
155
182
155
182
155
182
155
182
155
182
155
182
155
182
155
182
155
183
155
183
155
183
155
183
155
183
155
183
155
183
155
183
155
183
155
183
155
183
155
183
155
183
155
185
156
183
155
185
156
185
156
185
156
185
156
185
156
185
156
186
156
185
156
186
156
187
157
187
157
187
157
187
157
188
158
189
159
188
158
189
159
189
159
190
160
189
159
190
160
190
160
192
161
190
160
192
161
193
162
193
162
193
162
193
162
193
162
195
164
193
162
195
164
195
164
197
165
195
164
197
165
197
165
197
165
197
165
197
165
197
166
198
166
197
166
198
166
198
166
198
166
198
166
198
166
198
166
198
167
198
166
198
167
198
167
198
167
198
167
198
167
198
167
198
168
198
167
198
168
198
168
199
169
198
168
199
169
199
169
199
169
199
169
199
169
199
169
199
169
199
169
199
169
199
169
199
169
199
169
199
169
199
169
199
170
199
169
199
170
199
170
199
171
199
170
199
171
199
171
199
171
199
171
199
171
199
171
199
172
199
171
199
172
199
172
199
173
199
172
199
173
199
173
199
173
199
173
199
173
199
175
199
175
199
175
199
175
199
175
199
176
199
175
199
176
199
176
199
177
199
176
199
177
198
178
198
178
198
178
198
178
197
178
197
178
197
178
197
178
197
178
195
179
197
178
195
179
195
179
195
179
195
179
195
179
193
180
193
180
193
180
193
180
192
181
191
182
192
181
191
182
191
182
191
182
191
182
191
182
191
182
191
182
191
182
191
182
189
183
189
183
189
183
189
183
189
183
189
184
189
183
189
184
189
184
188
185
189
184
188
185
188
185
188
185
188
185
188
185
187
186
187
186
187
186
187
186
187
186
186
187
187
186
186
187
186
187
186
187
186
187
186
187
186
188
186
188
186
188
186
188
184
189
184
190
184
189
184
190
184
190
183
191
184
190
183
191
182
193
182
193
182
193
182
193
181
193
179
194
181
193
179
194
179
194
179
195
179
194
179
195
179
195
179
196
179
195
179
196
178
197
178
197
178
197
178
197
177
198
177
198
177
198
177
198
177
198
177
198
177
198
177
198
177
198
176
200
177
198
176
200
175
200
175
200
175
200
175
200
175
200
175
201
175
200
175
201
175
201
175
201
175
201
175
201
175
202
175
202
175
202
175
202
175
203
175
204
175
203
175
204
175
204
175
204
175
204
175
204
175
204
175
204
175
204
175
204
175
206
175
206
175
206
175
206
175
206
175
207
175
206
175
207
175
207
175
208
175
207
175
208
175
208
175
209
175
208
175
209
175
210
175
210
175
210
175
210
175
211
175
212
175
211
175
212
175
212
175
213
175
212
175
213
176
213
176
213
176
213
176
213
177
215
177
215
177
215
177
215
177
215
179
216
177
215
179
216
179
216
180
217
179
216
180
217
181
218
181
218
181
218
181
218
183
219
184
220
183
219
184
220
184
220
185
221
184
220
185
221
185
221
185
221
185
221
185
221
186
222
186
222
186
222
186
222
188
223
190
224
188
223
190
224
190
224
191
224
190
224
191
224
192
225
192
225
192
225
192
225
192
225
192
225
192
225
192
225
192
225
193
226
192
225
193
226
193
226
194
226
193
226
194
226
195
226
195
226
195
226
195
226
195
226
195
227
195
226
195
227
195
227
196
227
195
227
196
227
196
227
196
227
196
227
196
227
196
227
196
227
196
227
196
227
197
227
198
228
197
227
198
228
198
228
200
228
198
228
200
228
200
228
200
228
200
228
200
228
201
228
203
228
201
228
203
228
203
228
204
228
203
228
204
228
205
228
205
228
205
228
205
228
208
228
208
228
208
228
208
228
209
228
210
228
209
228
210
228
210
228
210
228
210
228
210
228
210
228
213
228
210
228
213
228
214
229
214
229
214
229
214
229
214
229
214
229
214
229
214
229
214
229
215
229
214
229
215
229
216
230
216
230
216
230
216
230
217
230
218
230
217
230
218
230
218
230
219
230
218
230
219
230
219
230
220
231
219
230
220
231
222
232
222
232
222
232
222
232
223
232
224
233
223
232
224
233
224
233
224
233
224
233
224
233
224
233
224
233
224
233
224
233
225
235
225
235
225
235
225
235
226
235
227
236
226
235
227
236
227
236
227
236
227
236
227
236
227
236
227
236
227
236
227
236
227
236
227
236
227
236
227
236
227
236
228
237
227
236
228
237
228
237
229
238
228
237
229
238
229
239
229
239
229
239
229
239
229
239
229
239
229
239
229
239
229
240
229
241
229
240
229
241
229
241
229
242
229
241
229
242
229
242
229
242
229
242
229
242
230
243
230
243
230
243
230
243
230
243
230
244
230
243
230
244
230
244
230
244
230
244
230
244
230
245
230
245
230
245
230
245
230
245
230
246
230
245
230
246
230
246
230
246
230
246
230
246
230
246
230
246
230
246
230
246
230
247
230
247
230
247
230
247
230
248
230
248
230
248
230
248
230
248
230
248
230
248
230
248
230
249
230
249
230
249
230
249
230
250
230
250
230
250
230
250
230
250
230
251
230
250
230
251
230
251
230
251
230
251
230
251
230
252
230
252
230
252
230
252
230
253
230
254
230
253
230
254
230
254
230
254
230
254
230
254
230
255
230
255
230
255
230
255
230
255
230
255
230
255
230
255
230
256
230
257
230
256
230
257
230
257
230
257
230
257
230
257
230
257
230
257
230
257
230
257
230
258
230
258
230
258
230
258
229
259
229
259
229
259
229
259
229
259
229
259
229
259
229
259
229
260
229
260
229
260
229
260
227
262
227
262
227
262
227
262
227
262
227
263
227
262
227
263
227
263
226
264
227
263
226
264
226
265
226
265
226
265
226
265
226
266
225
267
226
266
225
267
225
267
225
267
225
267
225
267
225
268
225
268
225
268
225
268
224
269
224
269
224
269
224
269
224
270
222
271
224
270
222
271
222
271
222
271
222
271
222
271
222
272
222
272
222
272
222
272
221
273
221
274
221
273
221
274
221
274
221
275
221
274
221
275
221
275
220
276
221
275
220
276
220
277
220
277
220
277
220
277
220
279
220
280
220
279
220
280
220
280
220
282
220
280
220
282
220
283
220
283
220
283
220
283
220
284
220
284
220
284
220
284
219
286
219
287
219
286
219
287
219
287
219
288
219
287
219
288
219
289
219
289
219
289
219
289
219
289
219
289
219
289
219
289
219
289
219
290
219
289
219
290
219
290
219
291
219
290
219
291
219
291
219
291
219
291
219
291
219
291
219
292
219
291
219
292
219
292
219
293
219
292
219
293
219
293
219
293
219
293
219
293
219
293
219
293
219
293
219
293
219
294
219
294
219
294
219
294
219
294
221
295
219
294
221
295
221
295
221
295
221
295
221
295
221
296
221
297
221
296
221
297
221
297
224
299
221
297
224
299
224
299
226
300
224
299
226
300
226
301
226
301
226
301
226
301
227
301
227
302
227
301
227
302
227
302
228
302
227
302
228
302
228
302
229
303
228
302
229
303
229
303
229
303
229
303
229
303
230
304
230
304
230
304
230
304
230
304
231
304
230
304
231
304
232
305
232
305
232
305
232
305
232
305
232
305
232
305
232
305
232
305
232
305
232
305
232
305
232
305
232
305
232
305
232
305
232
305
232
305
232
305
232
305
233
305
233
305
233
305
233
305
233
305
233
305
233
305
233
305
234
306
234
306
234
306
234
306
234
306
234
306
234
306
234
306
234
306
234
306
234
306
234
306
234
306
234
306
234
306
234
306
234
306
234
306
234
306
234
306
235
306
235
306
235
306
235
306
235
306
237
307
235
306
237
307
237
307
239
308
237
307
239
308
240
308
240
308
240
308
240
308
243
308
245
309
243
308
245
309
245
309
248
310
245
309
248
310
248
310
250
311
248
310
250
311
254
312
254
312
254
312
254
312
255
312
257
313
255
312
257
313
257
313
258
313
257
313
258
313
258
313
258
313
258
313
258
313
258
313
258
313
258
313
258
313
258
313
258
313
258
313
258
313
258
313
258
313
258
313
258
313
258
313
258
313
258
313
258
313
258
313
259
313
258
313
259
313
259
313
259
314
259
313
259
314
259
314
259
314
259
314
259
314
259
314
259
314
259
314
259
314
259
316
259
317
259
316
259
317
259
317
261
318
259
317
261
318
263
320
263
320
263
320
263
320
264
321
265
322
264
321
265
322
265
322
266
323
265
322
266
323
266
323
266
323
266
323
266
323
266
324
266
324
266
324
266
324
266
324
266
324
266
324
266
324
266
324
266
324
266
324
266
324
266
324
266
324
266
324
266
324
266
325
266
325
266
325
266
325
266
326
266
326
266
326
266
326
266
326
266
326
266
326
266
326
266
326
266
326
266
326
266
326
266
326
266
326
266
326
266
326
266
326
267
327
266
326
267
327
267
327
267
327
267
327
267
327
267
327
267
327
267
327
267
327
267
327
267
327
267
327
267
327
267
327
267
328
267
327
267
328
267
328
267
328
267
328
267
328
267
328
267
328
267
328
267
328
268
330
268
330
268
330
268
330
268
330
268
330
268
330
268
330
268
330
269
331
268
330
269
331
269
331
269
331
269
331
269
331
269
332
270
332
269
332
270
332
270
332
270
332
270
332
270
332
270
332
270
333
270
332
270
333
270
334
270
334
270
334
270
334
270
334
270
336
270
334
270
336
270
336
271
337
270
336
271
337
272
337
272
337
272
337
272
337
272
337
272
337
272
337
272
337
272
337
272
338
272
337
272
338
272
338
272
338
272
338
272
338
273
339
273
339
273
339
273
339
274
339
274
339
274
339
274
339
274
339
274
339
274
339
274
339
274
339
274
340
274
339
274
340
275
341
275
341
275
341
275
341
276
341
276
341
276
341
276
341
276
341
276
341
276
341
276
341
277
343
277
343
277
343
277
343
277
343
277
343
277
343
277
343
278
343
278
343
278
343
278
343
278
343
278
344
278
343
278
344
278
345
278
345
278
345
278
345
278
345
278
345
278
345
278
345
278
345
280
346
278
345
280
346
280
346
281
347
280
346
281
347
281
347
281
347
281
347
281
347
281
347
282
347
281
347
282
347
282
347
282
347
282
347
282
347
282
347
282
347
282
347
282
347
283
348
283
348
283
348
283
348
283
348
284
348
283
348
284
348
284
348
287
349
284
348
287
349
288
349
288
349
288
349
288
349
288
349
288
349
288
349
288
349
290
350
291
350
290
350
291
350
291
350
292
350
291
350
292
350
292
350
292
350
292
350
292
350
293
350
293
350
293
350
293
350
294
350
294
350
294
350
294
350
295
350
295
350
295
350
295
350
295
350
295
350
295
350
295
350
295
350
296
351
295
350
296
351
296
351
298
352
296
351
298
352
298
352
298
352
298
352
298
352
298
352
298
352
298
352
298
352
299
352
300
353
299
352
300
353
300
353
300
353
300
353
300
353
300
353
300
353
300
353
300
353
300
354
300
354
300
354
300
354
300
354
300
354
300
354
300
354
300
354
300
354
300
354
300
354
300
355
300
355
300
355
300
355
300
356
302
357
300
356
302
357
302
357
302
357
302
357
302
357
302
357
302
357
302
357
302
357
302
358
302
358
302
358
302
358
302
358
302
358
302
358
302
358
302
358
302
359
302
358
302
359
302
359
302
359
302
359
302
359
302
359
302
359
302
359
302
359
302
360
302
360
302
360
302
360
302
360
302
360
302
360
302
360
302
360
302
360
302
360
302
360
302
360
302
361
302
360
302
361
302
361
302
361
302
361
302
361
302
362
302
362
302
362
302
362
303
362
303
362
303
362
303
362
303
362
303
362
303
362
303
362
303
362
303
362
303
362
303
362
303
362
303
362
303
362
303
362
303
362
303
362
303
362
303
362
303
363
303
363
303
363
303
363
303
363
303
363
303
363
303
363
303
363
303
363
303
363
303
363
304
363
306
363
304
363
306
363
306
363
307
363
306
363
307
363
307
363
307
363
307
363
307
363
307
363
307
363
307
363
307
363
307
363
307
363
307
363
307
363
307
363
307
363
307
363
307
363
307
363
307
363
307
363
307
363
307
363
307
363
307
363
307
363
307
363
307
363
307
363
307
363
307
363
307
363
307
363
307
363
307
363
307
363
307
363
307
363
307
363
307
363
307
363
307
363
307
363
307
363
307
363
307
363
307
363
307
363
307
363
307
363
307
363
307
363
307
363
307
363
307
363
307
363
307
363
307
363
307
363
307
363
307
363
307
363
307
363
307
363
307
363
307
363
307
363
307
363
307
363
307
363
307
363
307
363
307
363
307
363
307
363
307
363
307
363
307
363
307
363
307
363
307
363
307
363
307
363
307
363
307
363
307
363
307
363
307
363
307
363
307
363
307
363
307
363
307
363
307
363
307
363
307
363
307
363
307
363
307
363
307
363
307
363
307
363
307
363
307
363
307
363
307
363
307
363
307
363
307
363
307
363
307
363
307
363
307
363
307
363
307
363
307
363
307
363
307
363
307
363
307
363
307
363
307
363
307
363
307
363
307
363
307
363
307
363
307
363
307
363
307
363
307
363
307
363
307
363
307
363
307
363
307
363
307
363
307
363
307
363
307
363
307
363
307
363
307
363
307
363
307
363
307
363
307
363
307
363
307
363
307
363
307
363
307
363
307
363
307
363
307
363
307
363
307
363
307
363
307
363
307
363
307
363
307
363
307
363
307
363
307
363
307
363
307
363
307
363
307
363
307
363
307
363
307
363
307
363
307
363
307
363
307
363
307
363
307
363
307
363
307
363
307
363
307
363
307
363
307
363
307
363
307
363
307
363
307
363
307
363
307
363
307
363
307
363
307
363
307
363
307
363
307
363
307
363
307
363
307
363
307
363
307
363
307
363
307
363
307
363
307
363
307
363
307
363
307
363
307
363
307
363
307
363
307
363
307
363
307
363
307
363
307
363
307
363
307
363
307
363
307
363
307
363
307
363
307
363
307
363
307
363
307
363
307
363
307
363
307
363
307
363
307
363
307
363
307
363
307
363
307
363
307
363
307
363
307
363
307
363
307
363
307
363
307
363
307
363
307
363
307
363
307
363
307
363
307
363
307
363
307
363
307
363
307
363
307
363
307
363
307
363
307
363
307
363
307
363
307
363
307
363
307
363
307
363
307
363
307
363
307
363
307
363
307
363
307
363
307
363
307
363
307
363
307
363
307
363
307
363
307
363
307
363
307
363
307
363
307
363
307
363
307
363
307
363
307
363
307
363
307
363
307
363
307
363
307
363
307
363
307
363
307
363
307
363
307
363
307
363
307
363
307
363
307
363
307
363
307
363
307
363
307
363
307
363
307
363
307
363
307
363
307
363
307
363
307
363
307
363
307
363
307
363
307
363
307
363
307
363
307
363
307
363
307
363
307
363
307
363
308
364
307
363
308
364
308
364
308
364
308
364
308
364
308
364
308
364
308
364
308
364
308
364
308
364
308
364
308
364
308
364
308
364
308
364
308
364
308
364
308
364
308
364
308
364
308
364
308
364
308
364
308
364
308
364
308
364
308
364
308
364
308
364
308
364
308
364
308
364
308
364
308
364
308
364
308
364
308
364
308
364
308
364
308
364
308
364
308
364
308
364
308
364
308
364
308
364
308
364
308
364
308
364
308
364
308
364
308
364
308
364
308
364
308
364
308
364
308
364
308
364
308
364
308
364
308
364
308
364
308
364
308
364
308
364
308
364
308
364
308
364
308
364
308
364
308
364
308
364
308
364
308
364
308
364
308
364
308
364
308
364
308
364
308
364
308
364
308
364
308
364
308
364
308
364
308
364
308
364
308
364
308
364
308
364
308
364
308
364
308
364
308
364
308
364
308
364
308
364
308
364
308
364
308
364
308
364
308
364
308
364
308
364
308
364
308
364
308
364
308
364
308
364
308
364
308
364
308
364
308
364
308
364
308
364
308
364
308
364
308
364
308
364
308
364
308
364
308
364
308
364
308
364
308
364
308
364
308
364
308
364
308
364
308
364
308
364
308
364
308
364
308
364
308
364
308
364
308
364
308
364
308
364
308
364
308
364
308
364
308
364
308
364
308
364
308
364
308
364
308
364
308
364
308
364
308
364
308
364
308
365
308
365
308
365
308
365
308
365
308
366
308
365
308
366
308
366
309
366
308
366
309
366
309
366
309
366
309
366
309
366
310
366
310
366
310
366
310
366
310
366
310
366
310
366
310
366
311
367
311
367
311
367
311
367
311
367
313
367
311
367
313
367
314
367
314
367
314
367
314
367
315
368
316
368
315
368
316
368
316
368
317
368
316
368
317
368
317
368
317
368
317
368
317
368
317
368
317
368
317
368
317
368
318
368
318
368
318
368
318
368
319
369
319
369
319
369
319
369
319
369
319
369
319
369
319
369
319
369
319
369
319
369
319
369
319
369
319
369
319
369
319
369
319
369
319
369
319
369
319
369
319
369
319
369
319
369
319
369
319
369
319
369
319
369
319
369
319
369
319
369
319
369
319
369
319
369
319
369
319
369
319
369
319
369
319
369
319
369
319
369
319
369
319
369
319
369
319
369
319
369
319
369
319
369
319
369
319
369
319
369
319
369
319
369
319
369
319
369
319
369
319
369
320
370
320
370
320
370
320
370
320
370
320
370
320
370
320
370
320
370
320
370
320
370
320
370
320
370
320
370
320
370
320
370
320
370
320
370
320
370
320
370
320
370
320
370
320
370
320
370
320
370
320
370
320
370
320
370
320
370
320
370
320
370
320
370
320
370
320
370
320
370
320
370
320
370
320
370
320
370
320
370
320
370
320
370
320
370
320
370
320
370
320
370
320
370
320
370
320
370
320
370
320
370
320
370
320
370
320
370
320
370
320
370
320
370
320
370
320
370
320
370
321
370
321
370
321
370
321
370
321
370
321
370
321
370
321
370
321
370
321
370
321
370
321
370
321
370
321
370
321
370
321
370
321
370
321
370
321
370
321
370
321
370
322
371
321
370
322
371
322
371
322
371
322
371
322
371
322
371
322
371
322
371
322
371
322
371
97
30
97
30
97
30
97
30
97
30
97
30
97
30
97
30
97
30
97
30
97
30
97
30
97
30
97
30
97
30
97
30
97
30
97
30
97
30
97
30
97
30
97
30
97
30
97
30
97
30
97
30
97
30
97
30
97
30
97
30
97
30
97
30
97
30
97
30
97
30
97
30
97
30
97
30
97
30
97
30
97
30
97
30
97
30
97
30
97
30
97
30
97
30
97
30
97
30
97
30
97
30
97
30
97
30
97
30
97
30
97
30
97
30
97
30
97
30
97
30
97
30
97
30
97
30
97
30
97
30
97
30
97
30
97
30
97
30
97
30
97
30
97
30
97
30
97
30
97
30
97
30
97
30
97
30
97
30
97
30
97
30
97
30
97
30
97
30
97
30
97
30
97
30
97
30
97
30
97
30
97
30
97
30
97
30
97
30
97
30
97
30
97
30
97
30
97
30
97
30
97
30
97
30
97
30
97
30
97
30
97
30
97
30
97
30
97
30
97
30
97
30
97
30
97
30
97
30
97
30
97
30
97
30
97
30
97
30
97
30
97
30
97
30
97
30
97
30
97
30
97
30
97
30
97
30
97
30
97
30
97
30
97
30
97
30
97
30
97
30
97
30
97
30
97
30
97
30
97
30
97
30
97
30
97
30
97
30
97
30
97
30
97
30
97
30
97
30
97
30
97
30
97
30
97
30
97
30
97
30
97
30
97
30
97
30
97
30
97
30
97
30
97
30
97
30
97
30
97
30
97
30
97
30
97
30
97
29
97
30
97
29
97
29
97
29
97
29
97
29
97
29
97
29
97
29
97
29
97
29
97
29
97
29
97
29
97
28
97
28
97
28
97
28
97
28
97
28
97
28
97
28
97
28
97
28
97
28
97
28
97
28
97
28
97
28
97
28
97
28
97
28
97
28
97
28
97
28
97
27
97
28
97
27
97
27
97
27
97
27
97
27
97
27
97
27
97
27
97
27
97
27
97
27
97
27
97
27
97
27
97
26
97
27
97
26
97
26
97
26
97
26
97
26
97
26
97
26
97
26
97
26
97
26
97
26
97
26
97
26
97
26
97
26
97
26
97
26
97
26
97
26
97
26
97
26
97
26
97
26
97
26
97
26
97
26
97
26
97
26
97
26
97
26
97
25
97
26
97
25
97
25
97
25
97
25
97
25
97
25
97
25
97
25
97
25
97
25
97
25
97
25
97
25
97
25
97
25
97
25
97
25
97
25
97
25
97
25
97
25
97
25
97
25
97
25
97
25
97
25
97
25
97
25
97
25
97
25
97
25
97
25
97
25
97
25
97
25
97
25
97
25
97
25
97
25
97
25
97
25
97
25
97
25
97
25
97
25
97
25
97
25
97
25
97
25
98
24
98
24
98
24
98
24
98
24
98
24
98
24
98
24
98
24
98
24
98
24
98
24
98
24
98
24
98
24
98
24
98
24
99
23
98
24
99
23
99
23
99
23
99
23
99
23
99
23
99
23
99
23
99
23
100
23
100
23
100
23
100
23
100
23
100
23
100
23
100
23
100
23
101
22
100
23
101
22
101
22
101
22
101
22
101
22
101
22
101
22
101
22
101
22
101
22
101
22
101
22
101
22
101
22
102
22
101
22
102
22
102
22
102
22
102
22
102
22
102
22
102
22
102
22
102
22
102
22
102
22
102
22
102
22
102
22
102
22
102
22
102
22
102
22
102
22
102
22
102
22
102
22
102
22
102
22
102
22
102
22
102
22
102
22
102
22
102
22
102
22
102
22
102
22
102
22
102
22
102
22
102
22
102
22
102
22
102
22
102
22
102
22
102
22
102
22
102
22
102
22
102
22
102
22
102
22
102
22
102
22
102
22
102
22
102
22
102
22
102
22
102
22
102
22
102
22
102
22
102
22
102
22
102
22
102
22
102
22
102
22
102
22
102
22
102
22
102
22
102
22
102
22
102
22
102
22
102
22
102
22
102
22
102
22
102
22
102
22
102
22
102
22
102
22
102
22
102
22
102
22
102
22
102
22
102
22
102
22
102
22
102
22
102
22
102
22
102
22
102
22
102
22
102
22
102
22
102
22
102
22
102
22
102
22
102
22
102
22
102
22
102
22
102
22
102
22
102
22
102
22
102
22
102
22
102
22
102
22
102
22
102
22
102
22
102
22
102
22
102
22
102
22
102
22
102
22
102
22
102
22
102
22
102
22
102
22
103
22
103
22
103
22
103
22
103
22
103
22
103
22
103
22
103
22
103
22
103
22
103
22
103
22
103
22
103
22
103
22
105
22
105
22
105
22
105
22
105
22
105
22
105
22
105
22
105
22
105
22
105
22
105
22
105
22
105
22
105
22
105
22
105
22
105
22
105
22
105
22
105
22
105
22
105
22
105
22
105
22
105
22
105
22
105
22
105
22
105
22
105
22
105
22
105
22
105
22
105
22
105
22
105
22
105
22
105
22
105
22
105
22
105
22
105
22
105
22
105
22
105
22
105
22
105
22
105
22
105
22
105
22
105
22
105
22
105
22
105
22
105
22
105
22
105
22
105
22
105
22
105
22
105
22
105
22
105
22
105
22
105
22
105
22
105
22
105
22
105
22
105
22
105
22
105
22
105
22
105
22
105
22
105
22
105
22
105
22
105
22
105
22
105
22
105
22
105
22
105
22
105
22
105
22
105
22
105
22
105
22
105
22
105
22
105
22
105
22
105
22
105
22
105
22
105
22
105
22
105
22
105
22
105
22
105
22
105
22
105
22
105
22
105
22
105
22
105
22
105
22
105
22
105
22
105
22
105
22
105
22
105
22
105
22
105
22
105
22
105
22
105
22
105
22
105
22
105
22
105
22
105
22
105
22
105
22
105
22
105
22
105
22
105
22
105
22
105
22
105
22
105
22
105
22
105
22
105
22
105
22
105
22
105
22
105
22
105
22
105
22
105
22
105
22
105
22
105
22
105
22
105
22
105
22
105
22
105
22
105
22
105
22
105
22
105
22
105
22
105
22
105
22
105
22
105
22
105
22
105
22
105
22
105
22
105
22
105
22
105
22
105
22
105
22
105
22
105
22
105
22
105
22
105
22
105
22
105
22
105
22
105
22
105
22
105
22
105
22
105
22
105
22
105
22
105
22
105
22
105
22
105
22
105
22
105
22
105
22
105
22
105
22
105
22
105
22
105
22
105
22
105
22
105
22
105
22
105
22
105
22
105
22
105
22
105
22
105
22
105
22
105
22
105
22
105
22
105
22
105
22
105
22
106
22
106
22
106
22
106
22
106
22
107
22
106
22
107
22
107
22
107
22
107
22
107
22
107
22
107
22
107
22
107
22
107
22
107
22
107
22
107
22
107
22
107
22
107
22
107
22
107
22
107
22
107
22
107
22
107
22
107
22
107
22
107
22
107
22
107
22
107
22
107
22
107
22
107
22
107
22
107
22
107
22
107
22
107
22
107
22
107
22
107
22
107
22
107
22
107
22
107
23
107
22
107
23
107
23
107
23
107
23
107
23
107
23
107
23
107
23
107
23
107
24
107
24
107
24
107
24
107
24
107
24
107
24
107
24
107
24
107
24
107
24
107
24
107
24
107
24
107
24
107
24
107
24
107
24
107
24
107
24
107
24
107
24
107
24
107
24
107
24
107
24
107
24
107
24
107
24
107
24
107
24
107
24
107
24
107
24
107
24
107
24
107
24
107
24
107
24
107
24
107
24
107
24
107
24
107
24
107
24
107
24
107
24
107
24
107
24
107
24
107
24
107
24
107
24
107
24
107
24
107
24
107
24
107
24
107
24
107
24
107
24
107
24
107
24
107
24
107
24
107
25
107
24
107
25
107
25
107
25
107
25
107
25
107
25
107
25
107
25
107
25
107
25
107
25
107
25
107
25
107
25
107
25
107
25
107
25
107
25
107
25
107
25
107
25
107
25
107
25
107
25
107
25
107
25
107
25
107
25
107
25
107
25
107
25
107
25
107
25
107
25
107
25
107
25
107
25
107
25
107
25
107
25
107
25
107
25
107
26
107
25
107
26
107
26
107
26
107
26
107
26
107
26
107
26
107
26
107
26
107
26
107
26
107
26
107
26
107
26
107
26
107
26
107
26
107
26
107
26
107
26
107
26
107
26
107
26
107
26
107
26
107
26
107
26
107
26
107
26
107
26
107
26
107
26
107
26
107
26
107
26
107
26
107
26
107
26
107
26
107
26
107
26
107
26
107
26
107
26
107
26
107
26
107
26
107
26
107
26
107
26
107
26
107
26
107
26
107
26
107
26
107
26
107
26
107
26
107
26
107
26
107
26
107
26
107
26
107
26
107
26
107
26
107
26
107
26
107
26
107
26
107
26
107
26
107
26
107
26
107
26
107
26
107
26
107
26
107
26
107
26
107
26
107
26
107
26
107
26
107
26
107
26
107
26
107
26
107
26
107
27
107
27
107
27
107
27
107
27
107
27
107
27
107
27
107
27
107
27
107
27
107
27
107
27
107
27
107
27
107
27
107
27
107
27
107
27
107
27
107
27
107
27
107
27
107
27
107
27
107
27
107
27
107
27
107
27
106
27
107
27
106
27
106
27
106
27
106
27
106
27
106
27
106
28
106
27
106
28
106
28
106
28
106
28
106
28
106
28
105
28
106
28
105
28
105
28
105
28
105
28
105
28
105
28
105
28
105
28
105
28
105
29
105
29
105
29
105
29
105
29
105
29
105
29
105
29
105
29
105
29
105
29
105
29
104
29
104
29
104
29
104
29
104
29
104
29
104
29
104
29
104
29
104
29
104
29
104
29
104
29
104
29
104
29
104
29
104
29
104
29
104
29
104
29
104
29
104
29
104
29
104
29
104
29
104
29
104
29
104
29
104
29
104
29
104
29
104
29
104
29
104
29
104
29
104
29
104
29
104
29
104
29
104
29
104
29
104
29
104
29
104
29
104
29
104
29
104
29
104
29
104
29
104
29
104
29
104
29
104
29
104
29
104
29
104
29
104
29
104
29
104
29
104
29
104
29
104
29
104
29
104
29
104
29
104
29
104
29
104
29
104
29
104
29
104
29
104
29
104
29
104
29
104
29
104
29
104
29
104
29
104
29
104
29
104
29
104
29
104
29
104
29
104
29
104
29
104
29
104
29
104
29
104
29
104
29
104
29
104
29
104
29
104
29
104
29
104
29
104
29
104
29
104
29
104
29
104
29
104
29
104
29
104
29
104
29
104
29
104
29
104
29
104
29
104
29
104
29
103
29
103
29
103
29
103
29
103
29
101
30
103
29
101
30
101
30
101
30
101
30
101
30
101
30
101
30
101
30
101
30
101
30
101
30
101
30
101
30
101
30
101
30
101
30
101
30
101
30
101
30
101
30
101
30
101
30
101
30
101
30
101
30
101
30
101
30
101
30
101
30
101
30
101
30
101
30
101
30
101
30
101
30
101
30
101
30
101
30
101
30
101
30
101
30
101
30
101
30
101
30
101
30
101
30
100
31
101
30
100
31
100
31
100
31
100
31
100
31
100
31
100
31
100
31
100
31
100
31
100
31
100
31
100
31
100
31
99
31
100
31
99
31
99
31
99
31
99
31
99
31
99
31
99
31
99
31
99
31
99
31
99
31
99
31
99
31
99
31
99
31
99
31
99
31
99
31
99
31
99
31
99
31
99
31
99
31
99
31
99
31
99
31
99
31
99
31
99
31
99
31
99
31
99
31
99
31
99
31
99
31
99
31
99
31
99
31
99
31
99
31
99
31
99
31
99
31
99
31
99
31
99
31
99
31
99
31
99
31
99
31
99
31
99
31
99
31
98
31
98
31
98
31
98
31
98
31
98
31
98
31
98
31
98
31
98
31
98
31
98
31
98
31
98
31
98
31
98
31
98
31
98
31
98
31
98
31
98
31
98
31
98
31
98
31
98
31
98
31
98
31
98
31
98
31
98
31
98
31
98
31
98
31
98
31
98
31
98
31
98
31
98
31
98
31
98
31
98
31
98
31
98
31
98
31
98
31
98
31
98
31
98
31
98
31
98
31
98
31
98
31
98
31
98
31
98
31
98
31
98
31
98
31
98
31
98
31
98
31
98
31
98
31
98
31
98
31
98
31
98
31
98
31
98
31
98
31
98
31
98
31
98
31
98
31
98
31
98
31
98
31
98
31
98
31
98
31
98
31
98
31
98
31
98
31
98
31
98
31
98
31
98
31
98
31
98
31
98
31
98
31
98
31
98
31
98
31
98
31
98
31
97
25
97
25
97
25
97
25
97
25
97
25
97
25
97
25
97
25
97
25
97
25
97
25
97
25
97
25
97
25
97
25
97
25
97
25
97
25
97
25
97
25
97
25
97
25
97
25
97
25
97
25
97
25
97
25
97
25
97
25
97
25
97
25
97
25
97
25
97
25
97
25
97
25
97
25
97
25
97
25
97
25
97
25
97
25
97
25
97
25
97
25
97
25
97
25
97
25
97
25
97
25
97
25
97
25
97
25
97
25
97
25
97
25
97
25
97
25
97
25
97
25
97
25
97
25
97
25
97
25
97
25
97
25
97
25
97
25
97
25
97
25
97
25
97
25
97
25
97
25
97
25
97
25
97
25
97
25
97
25
97
25
97
25
97
25
97
25
97
25
97
25
97
25
97
25
97
25
97
25
97
25
97
25
97
25
97
25
97
25
97
25
97
25
97
25
97
25
97
25
97
25
97
25
97
25
97
25
97
25
97
25
97
25
97
25
97
25
97
25
97
25
97
25
97
25
97
25
97
25
97
25
97
25
97
25
97
25
97
25
97
25
97
25
97
25
97
25
97
25
97
25
97
25
97
25
97
25
97
25
97
25
97
25
97
25
97
25
97
25
97
25
97
25
97
25
97
25
97
25
97
25
97
25
97
25
97
25
97
25
97
25
97
25
97
25
97
25
97
25
97
25
97
25
97
25
97
25
97
25
97
25
97
25
97
25
97
25
97
25
97
25
97
25
97
25
97
25
97
25
97
25
97
25
97
25
97
25
97
25
97
25
97
25
97
25
97
25
97
25
97
25
97
25
97
25
97
25
97
25
97
25
97
25
97
25
97
25
97
25
97
25
97
25
97
25
97
25
97
25
97
25
97
25
97
25
97
25
97
25
97
25
97
25
97
25
97
25
97
26
97
26
97
26
97
26
97
26
97
26
97
26
97
26
97
26
97
26
97
26
97
26
97
26
97
26
97
26
97
26
97
26
97
26
97
26
97
26
97
26
97
26
97
26
97
26
97
26
97
26
97
26
97
26
97
26
97
26
97
26
97
26
97
26
97
26
97
26
97
26
97
26
97
26
97
26
97
26
97
26
97
26
97
26
97
26
97
26
97
26
97
26
97
26
97
26
97
26
97
26
97
26
97
26
97
26
97
26
97
26
97
26
97
26
97
26
97
26
97
26
97
26
97
26
97
26
97
26
97
26
97
26
97
26
97
26
97
26
97
26
97
26
97
26
97
26
97
26
97
26
97
26
97
26
97
26
97
26
97
26
97
26
97
26
97
26
97
26
97
26
97
26
97
26
97
26
97
26
97
26
97
26
97
27
97
27
97
27
97
27
97
27
97
27
97
27
97
27
97
27
96
28
97
27
96
28
96
28
96
28
96
28
96
28
96
28
96
28
96
28
96
28
96
28
96
28
96
28
96
28
96
28
96
28
96
28
96
28
96
28
96
28
96
28
96
28
96
28
96
28
96
28
96
28
96
28
96
28
96
28
96
28
96
28
96
28
96
28
96
28
96
28
96
28
96
28
96
28
96
28
96
28
96
28
96
28
96
28
96
28
96
28
96
28
96
28
96
28
96
28
96
28
96
28
96
28
96
28
96
28
96
28
96
28
96
28
96
28
96
28
96
28
96
28
96
28
96
28
96
28
96
28
96
28
96
28
96
28
96
28
96
28
96
28
96
28
96
28
96
28
96
28
96
28
96
28
96
28
96
28
96
28
96
28
96
28
96
28
96
28
96
28
96
28
96
28
96
28
96
28
96
28
96
28
96
28
96
28
96
28
96
28
96
28
96
28
96
28
96
28
96
28
96
28
96
28
96
28
96
28
96
28
96
28
96
28
96
29
96
28
96
29
96
29
96
29
96
29
96
29
96
29
96
29
96
29
96
29
96
29
96
29
96
29
96
29
96
29
96
29
96
29
96
29
96
29
96
29
96
29
96
29
96
29
96
29
96
29
96
29
96
29
96
29
96
29
96
29
96
29
96
30
96
29
96
30
96
30
96
30
96
30
96
30
96
30
96
30
96
30
96
30
96
30
96
30
96
30
96
30
96
30
96
30
96
30
96
30
96
30
96
30
96
30
96
30
96
30
96
30
96
30
96
30
96
30
96
30
96
30
96
30
96
30
96
30
96
30
96
30
96
30
96
30
96
30
96
30
96
30
96
30
96
30
96
30
96
30
96
30
96
30
96
30
96
30
96
30
96
30
96
30
96
30
96
30
96
30
96
30
96
30
96
30
96
30
96
30
96
30
96
30
96
30
96
30
96
30
96
30
96
30
96
30
96
30
96
30
96
30
96
30
96
30
96
30
96
30
96
30
96
30
96
30
96
30
96
30
96
30
96
30
96
30
96
30
96
30
96
30
96
30
96
30
96
30
96
30
96
30
96
30
96
30
96
30
96
30
96
30
96
30
96
30
96
30
96
30
96
30
96
30
96
30
96
30
96
30
96
30
96
30
96
30
96
30
96
30
96
30
96
30
96
30
96
30
96
30
96
30
96
30
96
30
96
30
96
30
96
30
96
30
96
30
96
30
96
30
96
30
96
30
96
30
96
30
96
30
96
30
96
30
96
30
96
30
96
30
96
30
96
30
96
30
96
30
96
30
96
30
96
30
96
30
101
27
101
27
101
27
101
27
101
27
101
27
101
27
101
27
101
27
101
27
101
27
101
27
101
27
101
27
101
27
101
27
101
27
101
27
101
27
101
27
101
27
101
27
101
27
101
27
101
27
101
27
101
27
101
27
101
27
101
27
101
27
101
27
101
27
101
27
101
27
101
27
101
27
101
27
101
27
101
27
101
27
101
27
101
27
101
27
101
27
101
27
101
27
101
27
101
27
101
27
101
27
101
27
101
27
101
27
101
27
101
27
101
27
101
27
101
27
101
27
101
27
101
27
101
27
101
27
101
27
101
27
101
27
101
27
101
27
101
27
101
27
101
27
101
27
101
27
101
27
101
27
101
27
101
27
101
27
101
27
101
27
101
27
101
27
101
27
101
27
101
27
101
27
101
27
101
27
101
27
101
27
101
27
101
27
101
27
101
27
101
27
101
27
101
27
101
27
101
27
101
27
101
27
101
27
101
27
101
27
101
27
101
27
101
27
101
27
101
27
101
27
101
27
101
27
101
27
101
27
101
27
101
27
101
27
101
27
101
27
101
27
101
27
101
27
101
27
101
27
101
27
101
27
101
27
101
27
101
27
101
27
101
27
101
27
101
27
101
27
101
27
101
27
101
27
101
27
101
27
101
27
101
27
101
27
101
27
101
27
101
27
102
26
101
27
102
26
102
26
102
26
102
26
102
26
102
26
102
26
102
26
102
26
102
26
102
26
102
26
102
26
102
26
103
26
102
26
103
26
103
26
103
26
103
26
103
26
103
26
103
26
103
26
103
26
103
26
103
25
103
26
103
25
103
25
104
25
103
25
104
25
104
25
104
25
104
25
104
25
104
24
104
24
104
24
104
24
104
24
104
24
104
24
104
24
104
24
104
24
104
24
104
24
104
24
104
24
104
24
104
24
104
24
104
24
104
24
104
24
104
24
104
24
104
24
104
24
104
24
104
24
104
24
104
24
104
24
104
24
104
24
104
24
104
24
104
24
104
24
104
24
104
24
104
24
104
24
104
24
104
24
104
24
104
24
104
24
104
24
104
24
104
24
104
24
104
24
104
24
104
24
104
24
104
24
104
24
104
24
104
24
104
24
104
24
104
24
104
24
104
24
104
24
104
24
104
24
104
24
104
24
104
24
104
24
104
24
104
24
104
24
104
24
104
24
104
24
104
24
104
24
104
24
104
24
104
24
104
24
104
24
104
24
104
24
104
24
104
24
104
24
104
24
104
24
104
24
104
24
104
24
104
24
104
24
104
24
104
24
104
24
104
24
104
24
104
24
104
24
104
24
104
24
104
24
104
24
104
24
104
24
104
24
104
24
104
24
104
24
104
24
104
24
104
24
104
24
104
24
104
24
104
24
104
24
104
24
104
24
104
24
104
24
104
24
104
24
104
24
104
24
104
24
104
24
103
24
103
24
103
24
103
24
103
24
100
24
103
24
100
24
99
24
99
24
99
24
99
24
97
24
97
25
97
24
97
25
97
25
97
25
97
25
97
25
97
25
95
25
97
25
95
25
95
25
95
25
95
25
95
25
95
25
95
25
95
25
95
25
95
25
95
25
95
25
95
25
95
25
95
25
95
25
95
25
95
25
95
25
95
25
95
25
95
25
95
25
95
25
95
25
95
25
95
25
95
25
95
25
95
25
95
25
95
25
95
25
95
25
95
25
95
25
95
25
95
25
95
25
95
25
95
25
95
25
95
25
95
25
95
25
95
25
95
25
95
25
95
25
95
25
95
25
95
25
95
25
95
25
95
25
95
25
95
25
95
25
95
25
95
25
95
25
95
25
95
25
95
25
95
25
95
25
95
25
95
25
95
25
95
25
95
25
95
25
95
25
95
25
95
25
95
25
95
25
95
25
95
25
95
25
95
25
95
25
95
25
95
25
95
25
95
25
95
25
95
25
95
25
95
25
95
25
95
25
95
25
95
25
95
25
95
25
95
25
95
25
95
25
95
25
95
25
95
25
95
25
95
25
95
25
95
25
95
25
95
25
95
25
95
25
95
25
95
25
95
25
95
25
95
25
95
25
95
25
95
25
95
25
95
25
95
25
95
25
95
25
95
25
95
25
95
25
95
25
95
25
95
25
95
25
95
25
95
25
95
25
95
25
95
25
95
25
95
25
95
25
95
25
95
25
95
25
95
25
95
25
95
25
95
25
95
25
95
25
95
25
95
25
95
25
95
25
95
25
95
25
95
25
95
25
95
25
95
25
95
25
95
25
95
25
95
25
95
25
95
25
95
25
95
25
95
25
95
25
95
25
95
25
95
25
95
25
95
25
95
25
95
25
95
25
95
25
95
25
95
25
95
25
95
25
95
25
95
25
95
25
95
25
95
25
95
25
95
25
95
25
95
25
95
25
95
25
95
25
95
25
95
25
95
25
95
25
95
25
95
25
95
25
95
25
95
25
95
25
95
25
95
25
95
25
95
25
95
25
95
25
95
25
95
25
95
25
95
25
95
25
95
25
95
25
95
25
95
25
95
25
95
25
95
25
95
25
95
25
95
25
95
25
95
25
95
25
95
25
95
25
95
25
95
25
95
25
95
25
95
25
95
25
95
25
95
25
95
25
95
25
95
25
95
25
95
25
95
25
94
25
95
25
94
25
94
25
94
25
94
25
94
25
94
26
94
26
94
26
94
26
94
26
94
26
94
26
94
26
94
26
94
26
94
26
94
26
94
26
94
26
94
26
94
26
94
26
94
27
94
26
94
27
94
27
94
27
94
27
94
27
94
27
94
27
94
27
94
27
94
27
94
27
94
27
94
27
94
27
93
28
94
27
93
28
93
28
93
28
93
28
93
28
93
28
93
28
93
28
93
28
93
28
93
28
93
28
93
28
93
28
93
28
93
28
93
28
93
28
93
28
93
28
93
28
93
28
93
28
93
28
93
28
92
29
92
29
92
29
92
29
92
29
92
29
92
29
92
29
92
29
92
29
92
29
92
29
92
29
92
29
92
29
92
29
92
29
92
29
92
29
92
29
92
29
92
29
92
29
92
29
92
29
92
29
92
29
92
29
92
29
92
29
92
29
92
29
92
29
92
29
92
29
92
29
92
29
92
29
92
29
92
29
92
29
92
29
92
29
92
29
92
29
92
29
92
29
92
29
92
29
92
29
92
29
92
29
92
29
92
29
92
29
92
29
92
29
92
29
92
29
92
29
92
29
92
29
92
29
92
29
92
29
92
29
92
29
92
29
92
29
92
29
92
29
92
29
92
29
92
29
92
29
92
29
92
29
92
29
92
29
92
29
92
29
92
29
92
29
92
29
92
29
92
29
92
29
92
29
92
29
92
29
92
29
92
29
92
29
92
29
92
29
92
29
92
29
92
29
92
29
92
29
92
29
92
29
92
29
92
29
92
29
92
29
92
29
92
29
92
29
92
29
92
29
92
29
92
29
92
30
92
29
92
30
92
30
92
30
92
30
92
30
92
30
92
30
92
30
92
30
92
30
92
30
92
30
92
30
92
30
92
30
92
30
92
30
92
30
92
30
92
30
92
30
92
30
92
30
92
30
92
30
92
30
92
30
92
30
92
30
92
30
92
30
92
30
92
30
92
30
92
30
92
30
92
30
92
30
92
30
92
30
92
30
92
30
92
30
92
30
92
30
92
30
92
30
92
30
92
30
92
30
92
30
92
30
92
30
92
30
92
30
92
30
92
30
92
30
92
30
92
30
92
30
92
30
92
30
92
30
92
30
92
30
92
30
92
30
92
30
92
30
92
30
92
30
92
30
92
30
92
31
92
30
92
31
92
31
92
31
92
31
92
31
92
31
92
31
92
31
92
31
92
31
92
31
92
31
92
31
92
31
92
31
92
31
92
31
92
31
92
31
92
31
92
31
92
31
92
31
92
31
92
31
92
31
92
31
92
31
92
31
92
31
92
31
92
31
92
31
92
31
92
31
92
31
92
31
92
31
92
31
92
31
92
31
92
31
92
31
92
31
92
31
92
31
92
31
92
31
92
31
92
31
92
31
92
31
92
31
92
31
92
31
92
31
92
31
92
31
92
32
92
31
92
32
92
32
92
32
92
32
92
32
92
32
92
32
92
32
92
32
92
32
92
32
92
32
92
32
92
32
92
32
92
32
92
32
92
32
92
33
92
32
92
33
92
33
92
33
92
33
92
33
92
33
92
33
92
33
92
33
92
33
92
33
92
33
92
33
92
33
92
33
92
33
92
33
92
33
92
33
92
33
92
33
92
33
92
33
92
33
92
33
92
33
92
33
92
33
92
33
92
33
92
33
92
33
92
33
92
33
92
33
92
33
92
33
92
33
92
33
92
33
92
33
92
33
92
33
92
33
92
33
92
33
92
33
92
33
92
33
92
33
92
33
92
33
92
33
92
33
92
33
92
33
92
33
92
33
92
33
92
33
92
33
92
33
92
33
92
33
92
33
92
33
92
33
92
33
92
33
92
33
92
33
92
33
92
33
92
33
92
33
92
33
92
33
92
33
92
33
92
33
92
33
92
33
92
33
92
33
92
33
92
33
91
34
91
34
91
34
91
34
91
34
91
34
91
34
91
35
91
35
91
35
91
35
91
35
91
35
91
35
91
35
91
35
91
35
91
35
91
35
91
35
91
35
91
35
91
35
91
35
91
35
91
35
91
35
91
35
91
35
91
35
91
35
91
35
91
35
91
35
91
35
91
35
91
35
91
35
91
35
91
35
91
35
91
35
91
35
91
35
91
35
91
35
91
35
91
35
91
35
91
35
91
35
92
35
92
35
92
35
92
35
94
35
94
35
94
35
94
35
94
35
97
35
94
35
97
35
97
35
99
35
97
35
99
35
99
35
99
35
99
35
99
35
99
35
100
35
99
35
100
35
100
35
101
35
100
35
101
35
101
35
102
35
101
35
102
35
102
35
102
35
102
35
102
35
102
35
102
35
102
35
102
35
102
35
102
35
102
35
102
35
102
35
102
35
102
35
102
35
102
35
102
35
102
35
102
35
103
35
103
35
103
35
103
35
103
35
103
35
103
35
103
35
105
34
105
34
105
34
105
34
105
34
105
34
105
34
105
34
105
34
105
34
105
34
105
34
105
34
105
34
105
34
105
34
105
34
105
34
105
34
105
34
105
34
105
34
105
34
105
34
105
34
105
34
105
34
105
34
105
34
105
34
105
34
105
34
105
34
105
34
105
34
105
34
105
34
105
34
105
34
105
34
105
34
105
34
105
34
105
34
105
34
105
34
105
34
105
34
105
34
105
34
105
34
105
34
105
34
105
34
105
34
105
34
105
34
105
34
105
34
105
34
105
34
105
34
105
34
105
34
105
34
106
33
105
34
106
33
106
33
106
33
106
33
106
33
106
33
107
32
106
33
107
32
107
32
107
32
107
32
107
32
107
32
107
32
107
32
107
32
107
32
107
32
107
32
107
32
107
32
107
32
107
32
107
32
107
32
107
32
107
32
107
32
107
32
107
32
107
32
107
32
107
32
107
32
107
32
107
32
107
32
107
32
107
32
107
32
107
32
107
32
107
32
107
32
107
32
107
31
107
32
107
31
107
31
107
31
107
31
107
31
107
31
107
31
107
31
107
31
107
31
107
31
107
31
107
31
107
31
108
31
107
31
108
31
108
31
108
31
108
31
108
31
108
31
108
31
108
31
108
31
108
31
108
31
108
31
108
31
108
31
108
31
108
31
108
31
108
31
108
31
108
31
108
31
108
31
108
31
108
31
108
31
108
31
108
31
108
31
108
31
108
31
108
31
108
31
108
31
108
31
108
31
108
31
108
31
108
31
108
31
108
31
108
31
108
31
108
31
108
31
108
31
108
31
108
31
108
31
108
31
108
31
108
31
108
31
108
31
108
31
108
31
108
31
108
31
108
31
108
31
108
31
108
31
108
31
108
31
108
31
108
31
108
31
108
31
108
31
108
31
108
31
108
31
108
31
108
31
108
31
108
30
108
31
108
30
108
30
108
30
108
30
108
30
108
30
108
30
108
30
108
30
108
30
108
30
108
30
108
30
108
30
108
30
108
30
108
30
108
30
108
30
108
30
108
30
108
29
108
29
108
29
108
29
108
29
108
29
108
29
108
29
108
29
108
29
108
29
108
29
108
29
108
29
108
29
108
29
108
29
108
29
108
29
108
29
108
29
108
29
108
29
108
29
108
29
108
28
108
29
108
28
108
28
108
28
108
28
108
28
108
28
108
28
108
28
108
28
108
28
108
28
108
28
108
28
108
28
108
27
108
28
108
27
108
27
108
27
108
27
108
27
108
27
108
27
108
27
108
27
108
27
108
27
108
27
108
27
108
27
108
27
108
27
108
27
108
27
108
27
108
27
108
27
108
27
108
27
108
27
108
27
108
27
108
27
108
27
108
27
108
27
108
27
108
27
108
27
108
27
108
27
108
27
108
27
108
27
108
27
108
27
108
27
108
27
108
27
108
27
108
27
108
27
108
27
108
27
108
27
108
27
108
27
108
27
108
27
108
27
108
27
108
27
108
27
108
27
108
26
108
27
108
26
108
26
108
26
108
26
108
26
108
26
108
26
108
26
108
26
108
26
108
26
108
26
108
26
108
26
108
26
108
26
108
26
108
26
108
26
108
26
108
26
108
25
108
25
108
25
108
25
108
25
108
25
108
25
108
25
108
25
108
24
108
25
108
24
108
24
108
24
108
24
108
24
108
24
108
24
108
24
108
24
108
24
108
24
108
24
108
24
108
24
108
24
108
24
108
24
108
24
108
24
108
24
108
24
108
23
108
23
108
23
108
23
108
23
108
22
108
23
108
22
108
22
108
22
108
22
108
22
108
22
108
22
108
22
108
22
108
22
108
22
108
22
108
22
108
22
108
22
108
22
108
22
108
22
108
22
108
22
108
22
108
22
108
22
108
22
108
22
108
22
108
22
108
22
108
22
108
22
108
22
108
22
108
22
108
22
108
22
108
22
108
22
108
22
108
22
108
22
108
22
108
22
108
22
108
22
108
22
108
22
108
22
108
22
108
22
108
22
108
22
108
22
108
22
108
22
108
22
108
22
108
22
108
22
108
22
108
22
108
22
108
22
108
22
108
22
108
22
108
22
102
26
102
26
102
26
102
26
102
26
102
26
102
26
102
26
102
26
102
26
102
26
102
26
102
26
102
26
102
26
102
26
102
26
102
26
102
26
102
26
102
26
102
26
102
26
102
26
102
27
102
26
102
27
102
27
102
27
102
27
102
27
102
27
102
27
102
27
102
27
102
27
102
27
102
27
102
27
102
28
102
28
102
28
102
28
102
28
102
28
102
28
102
28
102
28
102
28
102
28
102
28
102
28
102
28
102
28
102
28
102
28
102
29
102
28
102
29
102
29
102
29
102
29
102
29
103
30
103
30
103
30
103
30
103
30
103
30
103
30
103
30
103
30
103
30
103
30
103
30
103
30
103
30
103
30
103
30
103
30
103
30
103
30
103
30
103
30
103
30
103
30
103
30
103
30
103
30
103
30
103
30
103
30
103
30
103
30
103
30
103
30
103
30
103
30
103
30
103
30
103
30
103
30
103
30
103
30
103
30
103
30
103
30
103
30
103
30
103
30
103
30
103
30
103
30
103
30
103
30
103
30
103
30
103
30
103
30
103
30
103
30
103
30
103
30
103
30
103
30
103
30
103
30
103
30
103
30
103
30
103
30
105
30
105
30
105
30
105
30
105
30
105
30
105
30
105
30
106
28
106
28
106
28
106
28
106
28
107
28
106
28
107
28
107
28
107
28
107
28
107
28
107
28
107
28
107
28
107
28
107
28
107
28
107
28
107
28
107
28
107
28
107
28
107
28
107
28
107
28
107
28
107
28
107
28
107
28
107
28
107
28
107
28
107
28
107
28
107
28
107
28
107
28
107
28
107
28
107
28
107
28
107
28
107
28
107
28
107
28
107
28
107
28
107
28
107
28
107
28
107
28
107
28
107
28
107
28
107
28
107
28
108
28
107
28
108
28
108
28
108
28
108
28
108
28
108
29
108
29
108
29
108
29
108
30
108
30
108
30
108
30
108
30
108
30
108
30
108
30
108
30
108
30
108
30
108
30
107
31
107
31
107
31
107
31
107
31
107
31
107
31
107
31
107
31
107
32
107
31
107
32
106
32
106
32
106
32
106
32
104
33
104
33
104
33
104
33
104
33
104
33
104
33
104
33
104
33
104
33
104
33
104
33
104
33
104
33
104
33
104
33
104
33
104
33
104
33
104
33
104
33
104
33
104
33
104
33
103
33
103
33
103
33
103
33
103
33
103
33
103
33
103
33
103
33
103
33
103
33
103
33
103
33
103
33
103
33
103
33
103
33
103
33
103
33
103
33
103
33
103
33
103
33
103
33
103
33
103
33
103
33
103
33
103
33
103
33
103
33
103
33
103
33
103
33
103
33
103
33
103
33
103
33
103
33
103
33
103
33
103
33
103
33
103
33
103
33
103
33
103
33
103
33
103
33
103
33
103
33
103
33
103
33
103
33
103
33
103
33
103
33
103
33
103
33
103
33
103
33
102
33
103
33
102
33
102
33
102
33
102
33
102
33
102
33
102
33
102
33
102
33
102
33
102
33
102
33
102
33
102
33
102
33
102
33
102
33
102
33
102
33
102
33
102
33
102
33
102
33
102
33
102
33
102
33
102
33
102
33
102
33
102
33
102
33
102
33
102
33
102
33
102
33
102
33
102
33
102
33
101
33
102
33
101
33
101
33
100
33
101
33
100
33
100
33
100
33
100
33
100
33
100
33
100
33
100
33
100
33
100
33
100
33
100
33
100
33
100
33
99
33
100
33
99
33
99
33
99
33
99
33
99
33
99
33
99
33
99
33
99
33
99
33
99
33
99
33
99
33
99
33
99
33
99
33
99
33
99
33
99
33
99
33
99
33
99
33
99
33
99
33
99
33
99
33
99
33
99
33
99
33
99
33
99
33
99
33
99
33
99
33
99
33
99
33
99
33
99
33
99
33
99
33
99
33
99
33
99
33
99
33
99
33
99
33
99
33
99
33
99
33
99
33
99
33
99
33
99
33
99
33
99
33
99
33
99
33
99
33
99
33
99
33
99
33
99
33
99
33
99
33
99
33
99
33
99
33
99
33
99
33
99
33
99
33
99
33
99
33
99
33
99
33
99
33
99
33
99
33
99
33
99
33
99
33
99
33
99
33
99
33
99
33
99
33
99
33
99
33
99
33
99
33
99
33
99
33
99
33
99
33
99
33
99
33
99
33
99
33
99
33
99
33
99
33
99
33
99
33
99
33
99
33
99
33
99
33
99
33
99
33
99
33
99
33
99
33
99
33
99
33
99
33
99
33
99
33
99
33
98
33
99
33
98
33
98
33
98
33
98
33
98
33
98
32
98
32
98
32
98
32
98
32
98
31
98
32
98
31
98
31
98
31
98
31
98
31
98
30
98
30
98
30
98
30
98
30
98
30
98
30
98
30
99
29
99
29
99
29
99
29
99
29
99
29
99
29
99
29
99
29
99
29
99
29
99
29
99
29
99
29
99
29
99
29
99
29
100
28
99
29
100
28
100
28
100
28
100
28
100
28
100
28
100
28
100
28
100
28
100
28
100
28
100
28
100
28
100
28
100
28
100
28
100
28
100
28
100
28
100
28
100
28
100
28
100
28
100
28
100
28
100
28
100
28
100
28
100
28
100
28
100
28
100
28
100
28
100
28
100
28
100
28
100
28
100
28
100
28
100
28
100
28
100
28
100
28
100
28
100
28
100
28
100
27
100
28
100
27
100
27
100
27
100
27
100
27
100
27
100
27
100
27
100
27
100
27
100
27
100
27
100
27
100
27
100
27
100
27
100
27
100
27
100
27
100
27
100
27
100
27
100
27
100
27
100
27
100
27
100
27
100
27
100
27
100
27
100
27
100
27
100
27
100
27
100
27
100
27
100
27
100
27
100
27
100
27
100
27
100
27
100
27
100
27
100
27
100
27
100
27
100
27
100
27
100
27
100
27
100
27
100
27
100
27
100
27
100
27
100
27
100
27
100
27
100
27
100
27
100
27
100
27
100
27
100
27
101
26
101
26
101
26
101
26
103
26
103
26
103
26
103
26
103
26
104
25
103
26
104
25
104
25
104
25
104
25
104
25
104
25
104
25
104
25
104
25
105
25
105
25
105
25
105
25
105
25
105
25
105
25
105
25
105
25
105
25
105
25
105
25
105
25
105
25
105
25
105
25
105
25
105
25
105
25
105
25
105
25
105
25
105
25
105
25
105
25
105
25
105
25
105
25
105
25
105
25
105
25
105
25
105
25
105
25
105
25
105
25
105
25
105
25
105
25
105
25
105
25
105
25
105
25
105
25
105
25
105
25
105
25
105
25
105
25
105
25
105
25
105
25
105
25
105
25
105
25
105
25
105
25
105
25
105
25
105
25
105
25
105
25
105
25
105
25
105
25
105
25
105
25
105
25
105
25
105
25
105
25
105
25
105
25
105
25
105
25
105
25
105
25
105
25
105
25
105
25
105
25
105
25
105
25
105
25
105
25
105
25
105
25
105
25
105
25
105
25
105
25
105
25
105
25
105
25
105
25
105
25
105
25
105
25
105
25
105
25
105
25
105
25
105
25
105
25
105
25
105
25
105
25
