455
66
455
66
455
66
455
66
455
66
455
66
455
66
455
66
455
66
455
66
455
66
455
66
455
66
455
66
455
66
455
66
455
66
455
66
455
66
455
66
455
66
455
66
455
66
455
66
455
66
455
66
455
66
455
66
455
66
455
66
455
66
455
66
455
66
455
66
455
66
455
66
455
66
455
66
455
66
455
66
455
66
455
66
455
66
455
66
455
66
455
66
455
66
455
66
455
66
455
66
455
66
455
66
455
66
455
66
455
66
455
66
455
66
455
66
455
66
455
66
455
66
455
66
455
66
455
66
455
66
455
66
455
66
455
66
455
66
455
66
455
66
455
66
455
66
455
66
455
66
455
66
455
66
455
66
455
66
455
66
455
66
455
66
455
66
457
66
457
66
457
66
457
66
457
66
457
66
457
66
457
66
457
66
458
66
457
66
458
66
458
66
458
66
458
66
458
66
458
66
458
66
458
66
458
66
458
66
459
66
458
66
459
66
459
66
459
66
459
66
459
66
459
66
459
66
459
66
459
66
459
66
459
66
459
66
459
66
459
67
459
67
459
67
459
67
459
67
460
68
459
67
460
68
460
68
460
68
460
68
460
68
460
68
460
68
460
68
460
68
460
68
460
68
460
68
460
68
460
68
460
68
460
68
460
68
460
69
460
69
460
69
460
69
462
70
462
70
462
70
462
70
462
70
462
70
462
70
462
70
462
70
462
70
462
70
462
70
462
71
462
71
462
71
462
71
462
72
462
72
462
72
462
72
462
72
462
72
462
72
462
72
462
72
462
73
462
72
462
73
463
73
463
73
463
73
463
73
463
74
463
74
463
74
463
74
463
74
463
74
463
74
463
74
463
74
463
74
463
74
463
74
463
74
463
74
463
74
463
74
463
74
463
74
463
74
463
74
463
74
463
74
463
74
463
74
463
74
463
74
463
74
463
74
463
75
463
75
463
75
463
75
463
76
463
77
463
76
463
77
463
77
463
77
463
77
463
77
463
78
463
78
463
78
463
78
463
78
463
78
463
78
463
78
463
79
463
79
463
79
463
79
463
79
463
80
463
79
463
80
463
80
463
80
463
80
463
80
463
80
463
80
463
80
463
80
463
80
463
80
463
80
463
80
463
80
463
81
463
80
463
81
463
81
463
81
463
81
463
81
463
81
463
81
463
81
463
81
463
81
463
81
463
81
463
81
463
81
463
81
463
81
463
81
463
82
463
82
463
82
463
82
463
82
463
82
463
82
463
82
463
82
463
83
463
82
463
83
463
83
463
84
463
83
463
84
463
84
463
84
463
84
463
84
463
85
463
85
463
85
463
85
463
85
463
86
463
85
463
86
463
87
463
87
463
87
463
87
463
87
463
87
463
87
463
87
463
87
463
88
463
87
463
88
463
88
463
89
463
88
463
89
462
89
462
89
462
89
462
89
462
90
462
90
462
90
462
90
462
91
462
91
462
91
462
91
462
91
462
91
462
91
462
91
462
92
462
92
462
92
462
92
462
92
462
92
462
92
462
92
462
92
462
93
462
92
462
93
462
93
462
93
462
93
462
93
461
94
461
94
461
94
461
94
461
94
461
94
461
94
461
94
461
94
461
94
461
94
461
94
461
94
460
95
461
94
460
95
460
95
460
95
460
95
460
95
459
96
458
96
459
96
458
96
458
96
458
97
458
96
458
97
458
97
458
97
458
97
458
97
458
97
457
98
458
97
457
98
457
98
457
98
457
98
457
98
457
98
456
99
457
98
456
99
456
99
456
99
456
99
456
99
455
99
454
100
455
99
454
100
454
100
453
100
454
100
453
100
453
100
453
101
453
100
453
101
453
101
453
101
453
101
453
101
452
101
451
102
452
101
451
102
451
102
450
102
451
102
450
102
450
102
449
103
450
102
449
103
449
103
449
103
449
103
449
103
448
103
446
104
448
103
446
104
446
104
445
105
446
104
445
105
445
105
444
106
445
105
444
106
444
106
444
106
444
106
444
106
443
106
443
107
443
106
443
107
443
107
442
107
443
107
442
107
441
107
441
107
441
107
441
107
440
108
440
108
440
108
440
108
440
108
440
108
440
108
440
108
440
108
439
109
440
108
439
109
439
109
439
109
439
109
439
109
439
109
438
110
439
109
438
110
438
110
438
110
438
110
438
110
437
110
437
110
437
110
437
110
435
111
435
111
435
111
435
111
435
111
435
111
435
111
435
111
435
111
434
111
435
111
434
111
434
111
434
111
434
111
434
111
434
111
434
111
434
111
434
111
433
112
433
112
433
112
433
112
433
112
433
112
433
112
433
112
432
112
432
112
432
112
432
112
432
112
431
112
432
112
431
112
431
112
430
112
431
112
430
112
430
112
429
113
430
112
429
113
428
113
428
113
428
113
428
113
427
114
425
114
427
114
425
114
425
114
425
114
425
114
425
114
425
114
424
114
425
114
424
114
424
114
424
114
424
114
424
114
423
115
423
115
423
115
423
115
423
115
422
115
423
115
422
115
422
115
421
115
422
115
421
115
420
116
420
116
420
116
420
116
420
116
418
116
420
116
418
116
418
116
418
116
418
116
418
116
417
117
417
117
417
117
417
117
416
117
415
117
416
117
415
117
415
117
415
117
415
117
415
117
415
117
413
117
415
117
413
117
413
117
413
117
413
117
413
117
413
118
413
118
413
118
413
118
412
118
412
118
412
118
412
118
412
118
412
118
412
118
412
118
411
119
411
119
411
119
411
119
411
119
411
119
411
119
411
119
411
119
410
119
411
119
410
119
410
119
410
119
410
119
410
119
410
119
410
119
410
119
410
119
410
119
410
119
410
119
410
119
410
119
409
119
410
119
409
119
409
119
409
119
409
119
409
119
409
119
409
119
409
119
409
119
408
120
408
120
408
120
408
120
408
120
407
120
408
120
407
120
407
120
406
121
407
120
406
121
406
122
406
122
406
122
406
122
404
122
404
122
404
122
404
122
404
122
403
123
404
122
403
123
403
124
403
124
403
124
403
124
402
125
402
125
402
125
402
125
402
125
402
125
402
125
402
125
402
125
402
125
402
125
402
125
401
127
401
127
401
127
401
127
400
127
400
127
400
127
400
127
400
127
399
128
400
127
399
128
399
128
399
129
399
128
399
129
399
129
399
129
399
129
399
129
398
129
398
129
398
129
398
129
398
129
398
130
398
129
398
130
398
130
397
131
398
130
397
131
397
131
397
131
397
131
397
131
397
131
396
132
397
131
396
132
396
132
396
132
396
132
396
132
396
132
396
133
396
132
396
133
396
133
396
133
396
133
396
133
395
134
395
134
395
134
395
134
395
134
395
134
395
134
395
134
395
135
395
135
395
135
395
135
395
135
394
136
395
135
394
136
394
136
394
136
394
136
394
136
394
136
394
136
394
136
394
136
394
136
394
136
394
136
394
136
393
137
393
137
393
137
393
137
393
137
393
139
393
137
393
139
393
139
393
139
393
139
393
139
392
140
392
140
392
140
392
140
391
140
391
140
391
140
391
140
391
140
391
141
391
140
391
141
391
141
391
141
391
141
391
141
391
141
391
141
391
141
391
141
391
142
391
142
391
142
391
142
391
142
391
142
391
142
391
142
391
142
391
143
391
142
391
143
391
143
391
143
391
143
391
143
391
143
391
144
391
143
391
144
391
144
391
144
391
144
391
144
391
145
391
145
391
145
391
145
391
145
391
145
391
145
391
145
391
146
391
147
391
146
391
147
391
147
391
148
391
147
391
148
391
148
391
148
391
148
391
148
391
148
391
149
391
148
391
149
391
149
391
150
391
149
391
150
391
150
391
150
391
150
391
150
391
150
391
150
391
150
391
150
391
150
391
150
391
150
391
150
391
150
391
151
391
150
391
151
391
151
391
151
391
151
391
151
391
152
391
152
391
152
391
152
391
152
391
152
391
152
391
152
391
152
391
152
391
152
391
152
391
152
391
152
391
152
391
152
391
153
391
154
391
153
391
154
391
154
391
155
391
154
391
155
391
155
391
156
391
155
391
156
391
156
391
156
391
156
391
156
391
158
391
159
391
158
391
159
391
159
391
159
391
159
391
159
391
159
391
160
391
159
391
160
391
161
391
161
391
161
391
161
391
161
391
162
391
161
391
162
391
162
392
163
391
162
392
163
392
163
392
163
392
163
392
163
392
163
392
163
392
163
392
163
392
163
392
163
392
163
392
163
392
163
392
164
392
163
392
164
392
164
392
164
392
164
392
164
392
165
392
165
392
165
392
165
392
165
392
165
392
165
392
165
392
165
392
166
392
165
392
166
392
166
392
166
392
166
392
166
392
167
392
167
392
167
392
167
392
167
392
167
392
167
392
167
392
167
392
168
392
167
392
168
392
169
392
169
392
169
392
169
393
170
393
170
393
170
393
170
393
170
393
171
393
170
393
171
393
171
393
171
393
171
393
171
393
172
393
172
393
172
393
172
393
173
393
173
393
173
393
173
393
173
393
173
393
173
393
173
393
175
393
175
393
175
393
175
393
175
393
175
393
175
393
175
393
175
394
176
393
175
394
176
394
176
395
177
394
176
395
177
395
177
395
177
395
177
395
177
395
178
395
178
395
178
395
178
395
179
396
179
395
179
396
179
396
179
396
180
396
179
396
180
396
180
396
180
396
180
396
180
396
180
396
180
396
180
396
180
396
180
396
181
396
180
396
181
396
181
396
181
396
181
396
181
396
181
396
181
396
181
396
181
396
181
396
181
396
181
396
181
396
181
396
182
396
181
396
182
396
182
396
182
396
182
396
182
396
182
396
182
396
182
396
182
396
182
396
183
396
182
396
183
396
183
396
183
396
183
396
183
396
183
396
183
396
183
396
183
396
183
396
183
396
183
396
183
396
183
396
183
396
183
396
183
396
183
396
183
396
183
396
183
396
183
396
183
396
183
396
183
396
183
396
183
396
183
396
183
396
183
396
183
396
183
396
183
396
183
396
183
396
183
396
183
396
183
396
183
396
183
396
183
396
183
396
183
396
183
396
183
396
183
396
183
396
183
396
183
396
183
396
183
396
183
396
183
396
183
396
183
396
183
396
183
396
183
396
183
396
183
396
183
396
183
396
183
396
183
396
183
396
183
396
183
396
183
396
183
396
183
396
183
396
183
396
183
396
183
396
183
396
183
396
183
396
183
396
183
396
183
396
183
396
183
396
183
396
183
396
183
396
183
396
183
396
183
396
183
396
183
396
183
396
183
396
183
396
183
396
183
396
183
396
183
396
183
396
183
396
183
396
183
396
183
396
183
396
183
396
183
396
183
396
183
396
183
396
183
396
183
396
183
396
183
396
183
396
183
396
183
396
183
396
183
396
183
396
183
396
183
396
183
396
183
396
183
396
183
396
183
396
183
396
183
396
183
396
183
396
183
396
183
396
183
396
183
396
183
396
183
396
183
396
183
396
183
396
183
396
183
396
183
396
183
396
183
396
183
396
183
396
183
396
183
396
183
396
183
396
183
396
183
396
183
396
183
396
183
396
183
396
183
396
183
396
183
396
183
396
183
396
183
396
183
396
183
396
183
396
183
396
183
396
183
396
183
396
183
396
183
396
183
396
183
396
183
396
183
396
183
396
183
396
183
396
183
396
183
396
183
396
183
396
183
396
183
396
183
396
183
396
183
396
183
396
183
396
183
396
183
396
183
396
183
396
183
396
183
396
183
396
183
396
183
396
183
396
183
396
183
396
183
396
183
396
183
396
183
396
183
396
183
396
183
396
183
396
183
396
183
396
183
396
183
396
183
396
183
396
183
396
183
396
183
396
183
396
183
396
183
396
183
396
183
396
183
396
183
396
183
396
183
396
183
396
183
396
183
396
183
396
183
396
183
396
183
396
183
396
183
396
183
396
183
396
183
396
183
396
183
396
183
396
183
396
183
396
183
396
183
396
183
396
183
396
183
396
183
396
183
396
183
396
183
396
183
396
183
396
183
396
183
396
183
396
183
396
183
396
183
457
69
457
69
457
69
457
69
457
69
457
69
457
69
457
69
457
69
457
69
457
69
457
69
457
69
457
69
457
69
457
69
457
69
457
69
457
69
457
69
457
69
457
69
457
69
457
69
457
69
457
69
457
69
457
69
457
69
457
69
457
69
457
69
457
69
457
69
457
69
457
69
457
69
457
69
457
69
457
69
457
69
457
69
457
69
457
69
457
69
457
69
457
69
457
69
457
69
457
69
457
69
457
69
457
69
457
69
457
69
457
69
457
69
457
69
457
69
457
69
457
69
457
69
457
69
457
69
457
69
457
69
457
69
457
69
457
69
457
69
457
69
457
69
457
69
457
69
457
69
457
69
457
69
457
69
457
69
457
69
457
69
457
69
457
69
457
69
457
69
457
69
456
69
457
69
456
69
456
69
456
69
456
69
456
69
456
69
456
69
456
69
456
69
456
69
456
69
456
69
456
69
456
69
456
69
456
69
456
69
455
68
455
68
455
68
455
68
455
68
455
68
455
68
455
68
455
68
455
68
455
68
455
68
455
68
455
68
455
68
455
68
455
68
455
68
455
68
455
68
455
68
455
68
455
68
455
68
455
68
455
68
455
68
455
68
454
67
454
67
454
67
454
67
454
67
454
67
454
67
454
67
454
67
453
67
454
67
453
67
453
67
453
67
453
67
453
67
453
67
453
67
453
67
453
67
453
67
453
67
453
67
453
67
453
67
453
67
453
67
453
67
453
67
453
67
453
67
453
67
453
67
453
67
453
67
453
67
453
67
453
67
453
67
453
67
453
67
453
67
453
67
453
67
453
67
453
67
453
67
453
67
453
67
453
67
453
67
453
67
453
66
453
66
453
66
453
66
453
66
453
65
453
66
453
65
453
65
453
65
453
65
453
65
453
65
453
65
453
65
453
65
453
65
453
65
453
65
453
65
453
65
453
65
453
65
453
65
453
65
453
65
453
65
453
65
453
65
453
65
453
65
453
65
453
65
453
65
453
65
453
65
453
65
453
65
453
65
453
65
453
65
453
65
453
65
453
65
453
63
453
63
453
63
453
63
453
63
453
63
453
63
453
63
454
63
454
63
454
63
454
63
454
63
454
63
454
63
454
63
454
63
454
62
454
63
454
62
454
62
454
62
454
62
454
62
454
62
454
62
454
62
454
62
454
62
454
62
454
62
454
62
454
62
454
62
454
62
454
62
454
62
455
62
454
62
455
62
455
62
455
62
455
62
455
62
455
62
455
62
455
62
455
62
455
62
455
62
455
62
455
62
455
62
455
62
455
62
455
62
455
62
455
62
455
62
455
62
455
62
455
62
455
62
455
62
455
62
455
62
455
62
455
62
455
62
455
62
455
62
455
62
455
62
455
62
455
62
455
62
455
62
455
62
455
62
455
62
455
62
455
61
455
62
455
61
455
61
455
61
455
61
455
61
455
61
455
61
455
61
455
61
455
61
455
61
455
61
455
61
455
61
455
61
455
61
455
61
455
61
455
61
455
61
455
61
455
61
455
61
455
61
455
61
455
61
455
61
455
61
455
61
455
61
455
61
455
61
455
61
455
61
455
61
455
61
455
61
455
61
455
61
455
61
455
61
455
61
455
61
455
61
455
61
455
61
455
61
455
61
455
61
455
61
455
61
455
61
455
61
455
61
455
61
455
61
455
61
455
61
455
61
455
61
455
61
455
61
455
61
455
61
455
61
455
61
455
61
455
61
455
61
455
61
455
61
455
61
455
61
455
61
455
61
455
61
455
61
455
61
455
61
455
61
455
61
455
61
455
61
455
61
455
61
455
61
455
61
455
61
455
61
455
61
455
61
455
61
455
61
455
61
455
61
455
61
455
61
455
61
455
61
455
61
455
61
455
61
455
61
455
61
455
61
455
61
455
61
455
61
455
61
455
61
455
61
455
61
455
61
455
61
455
61
455
61
455
61
455
61
455
61
455
61
455
61
455
61
455
61
455
61
455
61
455
61
455
61
455
61
455
61
455
61
455
61
455
61
455
61
455
61
455
61
455
61
455
61
455
61
455
61
455
61
455
61
455
61
455
61
455
61
455
61
455
61
455
61
455
61
455
61
455
61
455
61
455
61
455
61
455
61
455
61
455
61
455
61
455
61
455
61
455
61
455
61
455
61
455
61
455
61
455
61
455
61
455
61
455
61
455
61
455
61
455
61
455
61
455
61
455
61
455
61
455
61
455
61
455
61
455
61
455
61
455
61
455
61
455
61
455
61
455
61
455
61
455
61
455
61
455
61
455
61
455
61
455
61
455
61
455
61
455
61
455
61
455
61
455
61
455
61
455
61
455
61
455
61
455
61
455
61
455
61
455
61
455
61
455
61
455
61
455
61
455
61
455
61
455
61
455
61
455
61
455
61
455
61
455
61
455
61
455
61
455
61
455
61
455
61
455
61
455
61
455
61
455
61
455
61
455
61
455
61
455
61
455
61
455
61
455
61
455
61
455
61
455
61
455
61
455
61
455
61
455
61
455
61
455
61
455
61
455
61
455
61
455
61
455
61
455
61
455
61
455
61
455
61
455
61
455
61
455
61
455
61
455
61
455
61
455
61
455
61
455
61
455
61
455
61
455
61
455
61
455
61
455
61
455
61
455
61
455
61
455
61
455
61
455
61
455
61
455
61
455
61
455
61
455
61
455
61
455
61
455
61
455
61
455
61
455
61
455
61
455
61
455
61
455
61
455
61
455
61
455
61
455
61
455
61
455
61
455
61
455
61
455
61
455
61
455
61
455
61
455
61
455
61
455
61
455
61
455
61
455
61
455
61
455
61
455
61
456
61
456
61
456
61
456
61
456
61
456
61
456
61
456
61
456
61
456
61
456
61
456
61
456
61
456
61
456
61
456
61
456
61
456
61
456
61
456
61
456
61
456
61
456
61
456
61
456
61
456
61
456
61
456
61
456
61
456
61
456
61
456
61
456
61
456
61
456
61
456
61
456
61
456
61
456
61
456
61
456
61
456
61
456
61
456
61
456
61
456
61
456
61
456
61
456
61
456
62
456
61
456
62
456
62
456
62
456
62
456
62
456
62
456
62
456
62
456
62
456
62
456
62
456
62
456
62
456
63
456
63
456
63
456
63
456
63
456
63
456
63
456
63
456
63
456
63
456
63
456
63
456
63
456
63
456
63
456
63
456
63
456
63
456
63
456
63
456
63
456
64
456
63
456
64
456
64
456
64
456
64
456
64
456
64
456
64
456
64
456
64
456
64
456
64
456
64
456
64
456
64
456
64
456
64
456
64
456
64
456
64
456
64
456
64
456
65
456
65
456
65
456
65
456
65
456
65
456
65
456
65
456
65
456
66
456
65
456
66
456
66
456
67
456
66
456
67
456
67
456
67
456
67
456
67
456
67
456
67
456
67
456
67
456
67
456
67
456
67
456
67
456
68
456
68
456
68
456
68
456
68
456
68
456
68
456
68
456
68
456
68
456
68
456
68
456
68
456
68
456
68
456
68
456
69
455
69
456
69
455
69
455
69
455
69
455
69
455
69
455
69
455
69
455
69
455
69
455
69
455
69
455
69
455
69
455
69
455
69
455
69
455
69
455
69
455
69
455
69
455
69
455
69
455
69
455
69
455
69
455
69
455
69
455
69
455
69
455
70
455
70
455
70
455
70
455
70
455
70
455
70
455
70
455
70
455
70
455
70
455
70
455
71
455
71
455
71
455
71
455
71
455
71
455
71
455
71
455
71
455
71
455
71
455
71
455
71
455
71
455
71
455
71
455
71
455
71
455
71
455
71
455
71
455
71
455
71
455
71
455
71
455
71
455
71
455
71
455
71
455
71
455
71
455
71
455
71
455
71
455
71
455
71
455
71
455
71
455
71
455
71
455
71
455
71
455
71
455
71
455
71
455
71
455
71
455
71
455
71
455
71
455
71
455
71
455
71
455
71
455
71
455
71
455
71
455
71
455
71
455
71
455
71
455
71
455
71
455
71
455
71
455
71
455
71
455
71
455
71
455
72
455
71
455
72
455
72
455
72
455
72
455
72
455
72
455
72
455
72
455
72
455
72
455
72
455
72
455
72
455
72
455
72
455
72
455
72
455
72
455
72
455
72
455
72
455
72
455
72
455
72
455
72
455
72
455
72
455
72
455
72
455
72
455
72
455
72
455
72
455
72
455
72
455
72
455
72
455
72
455
72
455
72
455
72
455
72
457
73
455
72
457
73
457
73
457
73
457
73
457
73
457
73
457
73
457
73
457
73
457
73
457
73
457
73
457
73
457
73
457
73
457
73
457
73
457
73
457
73
457
73
457
73
457
73
457
73
457
73
457
73
457
73
457
73
457
73
457
73
457
73
457
73
457
73
457
73
458
73
458
73
458
73
458
73
458
73
458
73
458
73
458
73
458
73
458
73
458
73
458
73
458
73
458
73
458
73
458
73
460
73
460
73
460
73
460
73
460
73
460
73
460
73
460
73
460
73
460
73
460
73
460
73
460
73
460
73
460
73
460
73
460
73
460
73
460
73
460
73
460
73
460
73
460
73
460
73
460
73
460
73
460
73
460
73
460
73
460
73
460
73
460
73
460
73
460
73
460
73
460
73
460
73
460
73
460
73
460
73
460
73
460
73
460
73
460
73
460
73
460
73
460
73
460
73
460
73
460
73
460
73
460
73
460
73
460
73
460
73
460
73
460
73
460
73
460
73
460
73
460
73
460
73
460
73
460
73
460
73
460
73
460
73
460
73
460
73
460
73
460
73
460
73
460
73
460
73
460
73
460
73
460
73
460
73
460
73
460
73
460
73
460
73
460
73
460
73
460
73
460
73
460
73
460
73
460
73
460
73
460
73
460
73
460
73
460
73
460
73
460
73
460
73
460
73
460
73
460
73
460
73
460
73
460
73
460
73
460
73
460
73
460
73
460
73
460
73
460
73
460
73
460
73
460
73
460
73
460
73
460
73
460
73
460
73
460
73
460
73
460
73
460
73
460
73
460
73
460
73
460
73
460
73
456
64
456
64
456
64
456
64
456
64
456
64
456
64
456
64
456
64
456
64
456
64
456
64
456
64
456
64
456
64
456
64
456
64
456
64
456
64
456
64
456
64
456
64
456
64
456
64
456
64
456
64
456
64
456
64
456
64
456
64
456
64
456
64
456
64
456
64
456
64
456
64
456
64
456
64
456
64
456
64
456
64
456
64
456
64
456
64
456
64
457
64
457
64
457
64
457
64
457
64
457
64
457
64
457
64
457
64
457
64
457
64
457
64
457
64
457
64
457
64
457
64
457
64
457
64
457
64
457
64
458
64
458
64
458
64
458
64
458
64
460
64
458
64
460
64
460
64
460
64
460
64
460
64
460
64
460
64
460
64
460
64
460
64
460
64
460
64
460
64
460
64
461
64
460
64
461
64
461
64
462
64
461
64
462
64
463
65
463
65
463
65
463
65
464
65
465
65
464
65
465
65
465
65
468
65
465
65
468
65
469
65
469
65
469
65
469
65
469
65
469
65
469
65
469
65
471
66
471
66
471
66
471
66
471
66
471
66
471
66
471
66
471
66
471
66
471
66
471
66
471
66
471
66
471
66
471
66
472
66
472
66
472
66
472
66
472
66
472
66
472
66
472
66
472
66
472
66
472
66
472
66
472
66
472
66
472
66
472
66
472
66
472
66
472
66
472
66
472
66
472
66
472
66
472
66
472
66
472
66
472
66
472
66
472
66
472
66
472
66
472
66
472
66
472
66
472
66
472
66
472
66
472
66
472
66
472
66
473
66
473
66
473
66
473
66
473
66
473
66
473
66
473
66
473
66
473
66
473
66
473
66
473
66
473
66
473
66
473
66
473
66
473
66
473
66
473
66
473
66
473
66
473
66
473
66
473
66
473
67
473
66
473
67
473
67
473
67
473
67
473
67
473
67
473
67
473
67
473
67
473
67
473
67
473
67
473
67
473
68
473
68
473
68
473
68
473
68
473
68
473
68
473
68
473
68
473
69
473
68
473
69
473
69
473
69
473
69
473
69
473
69
473
69
473
69
473
69
473
69
473
69
473
69
473
69
473
69
472
70
473
69
472
70
472
70
472
70
472
70
472
70
472
70
472
70
472
70
472
70
472
70
472
70
472
70
472
70
472
70
472
70
472
70
472
70
472
70
471
71
472
70
471
71
471
71
471
71
471
71
471
71
471
71
471
71
471
71
471
71
471
71
471
71
471
71
471
71
471
71
471
71
471
71
471
71
471
71
471
71
471
71
471
71
471
71
471
71
471
71
471
71
471
71
471
71
471
71
471
71
471
71
471
71
471
71
471
71
471
71
471
71
471
71
471
71
471
71
471
71
471
71
471
71
471
71
471
71
471
71
471
71
470
71
470
71
470
71
470
71
470
71
468
71
470
71
468
71
468
71
466
71
468
71
466
71
466
71
466
72
466
71
466
72
466
72
466
72
466
72
466
72
466
72
466
72
466
72
466
72
466
72
466
72
466
72
466
72
466
72
466
72
466
72
466
72
466
72
466
72
466
72
466
72
466
72
466
72
466
72
466
72
466
72
466
72
466
72
466
72
466
72
466
72
466
72
466
72
466
72
466
72
466
72
466
72
466
72
466
72
466
72
466
72
466
72
466
72
466
72
466
72
466
72
466
72
466
72
466
72
466
72
466
72
466
72
466
72
466
72
466
72
466
72
466
72
466
72
466
72
466
72
466
72
466
72
466
72
466
72
466
72
466
72
466
72
466
72
466
72
466
72
466
72
466
72
466
72
466
72
466
72
466
72
466
72
466
72
466
72
466
72
466
72
466
72
466
72
466
72
466
72
466
72
466
72
466
72
466
72
466
72
466
72
466
72
466
72
466
72
466
72
466
72
466
72
466
72
466
72
466
72
466
72
466
72
466
72
466
72
466
72
466
72
466
72
466
72
466
72
466
72
466
72
466
72
466
72
466
72
466
72
466
72
466
72
466
72
466
72
466
72
466
72
466
72
466
72
466
72
466
72
466
72
466
72
466
72
466
72
466
72
466
72
466
72
466
72
466
72
466
72
466
72
466
72
466
72
466
72
466
72
466
72
466
72
466
72
466
72
466
72
466
72
466
72
466
72
466
72
466
72
466
72
466
72
466
72
466
72
466
72
466
72
466
72
466
72
466
72
466
72
466
72
466
72
466
72
466
72
466
72
466
72
466
72
466
72
466
72
466
72
466
72
466
72
466
72
466
72
466
72
466
72
466
72
466
72
466
72
466
72
466
72
466
72
466
72
466
72
466
72
466
72
466
72
466
72
466
72
466
72
466
72
466
72
466
72
466
72
466
72
466
72
466
72
466
72
466
72
466
72
466
72
466
72
466
72
466
72
466
72
466
72
466
72
466
72
466
72
466
72
466
72
466
72
466
72
466
72
466
72
466
72
466
72
466
72
466
72
466
72
466
72
466
72
466
72
466
72
466
72
466
72
466
72
466
72
466
72
466
72
466
72
466
72
466
72
466
72
466
72
466
72
466
72
466
72
466
72
466
72
466
72
466
72
466
72
466
72
466
72
466
72
466
72
466
72
466
72
466
72
466
72
466
72
466
72
466
72
466
72
466
72
466
72
466
72
466
72
466
72
466
72
466
72
466
72
466
72
466
72
466
72
466
72
466
72
466
72
466
72
466
72
466
72
466
72
465
72
465
72
465
72
465
72
465
72
465
72
465
72
465
72
465
72
464
73
465
72
464
73
464
73
464
73
464
73
464
73
464
73
464
73
464
73
464
73
464
73
464
73
464
73
464
73
464
73
464
73
464
73
464
73
464
73
464
73
464
73
464
73
464
73
464
73
464
73
464
73
464
73
464
73
464
73
464
73
464
73
464
73
464
73
464
73
464
73
464
73
464
73
464
73
464
73
464
73
464
73
464
73
464
73
464
73
464
73
464
73
464
73
464
73
464
73
464
73
464
73
464
73
464
73
464
73
464
73
464
73
464
73
464
73
464
73
464
73
464
73
464
73
464
73
464
73
464
73
464
73
464
73
464
73
464
73
464
73
464
73
464
73
464
73
464
73
464
73
464
73
464
73
464
73
464
73
464
73
464
73
464
73
464
73
464
73
464
73
464
73
464
73
464
73
464
73
464
73
464
73
464
73
464
73
464
73
464
73
464
73
464
73
464
73
464
73
464
73
464
73
464
73
464
73
464
73
464
73
464
73
464
73
464
73
464
73
464
73
464
73
464
73
464
73
464
73
464
73
464
73
464
73
464
73
464
73
464
73
464
73
464
73
464
73
464
73
464
73
464
73
464
73
464
73
464
73
464
73
464
73
464
73
464
73
464
73
464
73
464
73
464
73
464
73
464
73
464
73
464
73
464
73
464
73
464
73
464
73
464
73
464
73
464
73
464
73
464
73
464
73
464
73
464
73
464
73
464
73
464
73
464
73
464
73
464
73
464
73
464
73
464
73
464
73
464
73
464
73
464
73
464
73
464
73
464
73
464
73
464
73
464
72
464
73
464
72
464
72
464
72
464
72
464
72
464
72
464
72
464
72
464
72
464
72
464
72
464
72
464
72
464
72
464
72
464
72
464
72
464
72
464
72
464
72
464
72
464
72
464
72
464
72
464
72
464
72
464
72
464
72
464
72
464
72
464
72
464
72
464
72
465
72
465
72
465
72
465
72
465
72
465
72
465
72
465
72
465
72
465
72
465
72
465
72
465
72
465
72
465
72
465
72
465
72
465
72
465
72
465
72
465
72
465
72
465
72
465
72
465
72
465
72
465
72
465
72
465
72
465
72
465
72
465
72
465
72
465
72
465
72
465
72
465
72
465
72
465
72
465
72
465
72
465
72
465
72
465
72
465
71
465
71
465
71
465
71
465
71
465
71
465
71
465
71
465
71
465
71
465
71
465
71
465
71
465
71
465
71
465
71
465
71
465
71
465
71
465
71
465
71
466
70
465
71
466
70
466
70
466
70
466
70
466
70
466
70
466
70
466
70
466
70
466
70
466
70
466
70
466
70
466
70
466
70
466
70
466
70
466
70
466
70
466
70
466
70
466
70
466
70
466
70
466
70
466
70
466
70
466
70
466
70
466
70
466
70
466
70
466
70
466
70
466
70
466
70
466
70
466
70
466
70
466
70
466
70
466
70
466
70
466
70
466
70
466
70
466
70
466
70
466
70
466
70
466
70
466
70
466
70
466
70
466
70
466
70
466
70
466
70
466
70
466
70
466
70
466
70
467
69
466
70
467
69
468
69
468
69
468
69
468
69
469
69
469
69
469
69
469
69
469
69
469
69
469
69
469
69
469
69
469
69
469
69
469
69
469
69
469
69
469
69
469
69
469
69
469
69
469
69
469
69
469
69
469
69
469
69
469
69
469
69
469
69
469
69
469
69
469
69
469
69
469
69
469
69
469
69
469
69
469
69
469
69
469
69
469
69
469
69
469
69
469
69
469
69
469
69
469
69
469
69
469
69
469
69
469
69
469
69
