579
102
579
102
579
102
579
102
579
102
579
102
579
102
579
102
579
102
579
102
579
102
579
102
579
102
579
102
579
102
579
102
579
102
579
102
579
102
579
102
579
102
579
102
579
102
579
102
579
102
579
102
579
102
579
102
579
102
579
102
579
102
579
102
579
102
579
102
579
102
579
102
579
102
579
102
579
102
579
102
579
102
579
102
579
102
579
102
579
102
579
102
579
102
579
102
579
102
579
102
579
102
579
102
579
102
579
102
579
102
579
102
579
102
579
102
579
102
579
102
579
102
579
102
579
102
579
102
579
102
579
102
579
102
579
102
579
102
579
102
579
102
579
102
579
102
579
102
579
102
579
102
579
102
579
102
579
102
579
102
579
102
579
102
579
102
579
102
579
102
579
102
579
102
579
102
579
102
579
102
579
102
579
102
579
102
579
102
579
102
579
102
578
103
579
102
578
103
578
103
578
103
578
103
578
103
578
103
578
103
578
103
578
103
576
104
576
104
576
104
576
104
576
104
575
105
576
104
575
105
575
105
575
105
575
105
575
105
575
105
575
105
575
105
575
105
575
105
575
105
575
105
575
105
575
105
575
105
575
105
575
105
574
106
574
106
574
106
574
106
573
107
572
107
573
107
572
107
572
107
572
107
572
107
572
107
571
108
571
108
571
108
571
108
571
108
571
108
571
108
571
108
570
108
570
108
570
108
570
108
570
108
568
109
570
108
568
109
568
109
567
110
568
109
567
110
566
110
566
110
566
110
566
110
566
110
565
111
566
110
565
111
565
111
563
112
565
111
563
112
563
112
563
112
563
112
563
112
563
112
563
112
563
112
563
112
562
112
562
113
562
112
562
113
562
113
561
113
562
113
561
113
560
114
560
114
560
114
560
114
560
114
560
114
560
114
560
114
560
114
558
115
560
114
558
115
558
115
558
115
558
115
558
115
557
115
557
115
557
115
557
115
556
115
556
116
556
115
556
116
556
116
556
116
556
116
556
116
556
116
554
116
556
116
554
116
554
116
554
116
554
116
554
116
554
116
554
116
554
116
554
116
554
116
554
116
554
116
554
116
554
116
554
116
554
116
554
116
553
117
553
117
553
117
553
117
553
117
553
117
553
117
553
117
553
117
552
118
553
117
552
118
552
118
552
118
552
118
552
118
551
118
551
118
551
118
551
118
551
118
548
120
551
118
548
120
548
120
547
120
548
120
547
120
545
121
545
121
545
121
545
121
543
122
541
123
543
122
541
123
541
123
540
123
541
123
540
123
538
123
538
123
538
123
538
123
537
124
536
124
537
124
536
124
536
124
535
125
536
124
535
125
535
125
534
126
535
125
534
126
533
126
533
126
533
126
533
126
533
127
531
128
533
127
531
128
531
128
530
129
531
128
530
129
530
129
529
129
530
129
529
129
528
129
528
129
528
129
528
129
527
130
527
130
527
130
527
130
527
130
527
131
527
130
527
131
527
131
526
131
527
131
526
131
525
132
525
132
525
132
525
132
525
132
525
132
525
132
525
132
525
132
524
132
525
132
524
132
524
132
523
133
524
132
523
133
523
133
523
133
523
133
523
133
523
133
523
134
523
133
523
134
523
134
523
135
523
134
523
135
523
135
523
135
523
135
523
135
521
136
521
136
521
136
521
136
521
137
521
137
521
137
521
137
521
137
521
139
521
137
521
139
520
140
520
140
520
140
520
140
520
140
520
141
520
140
520
141
520
141
520
141
520
141
520
141
520
143
520
143
520
143
520
143
520
143
520
143
520
143
520
143
520
144
520
144
520
144
520
144
520
144
520
145
520
144
520
145
520
146
520
146
520
146
520
146
520
146
520
146
520
146
520
146
520
147
520
147
520
147
520
147
520
147
520
148
520
147
520
148
520
149
520
149
520
149
520
149
520
150
520
150
520
150
520
150
520
150
520
151
520
150
520
151
520
151
520
152
520
151
520
152
520
154
520
154
520
154
520
154
520
154
520
154
520
154
520
154
520
154
520
156
520
154
520
156
520
156
520
156
520
156
520
156
520
157
520
157
520
157
520
157
520
158
520
158
520
158
520
158
520
158
520
159
520
158
520
159
520
160
520
160
520
160
520
160
520
160
520
160
520
160
520
160
520
160
520
160
520
160
520
160
520
160
521
161
520
160
521
161
521
162
521
162
521
162
521
162
521
163
521
163
521
163
521
163
521
163
522
164
521
163
522
164
522
164
522
164
522
164
522
164
522
165
522
165
522
165
522
165
522
165
523
166
522
165
523
166
523
166
524
166
523
166
524
166
524
167
524
167
524
167
524
167
524
167
524
167
524
167
524
167
525
168
525
169
525
168
525
169
525
169
525
169
525
169
525
169
526
170
526
170
526
170
526
170
526
171
527
172
526
171
527
172
527
172
527
172
527
172
527
172
527
172
528
174
527
172
528
174
528
174
528
174
528
174
528
174
528
174
528
175
528
174
528
175
528
175
529
176
528
175
529
176
529
176
529
176
529
176
529
176
529
177
529
177
529
177
529
177
530
178
530
178
530
178
530
178
530
178
530
179
530
178
530
179
530
179
530
179
530
179
530
179
530
180
530
181
530
180
530
181
530
181
530
182
530
181
530
182
530
182
530
182
530
182
530
182
530
183
530
183
530
183
530
183
530
184
530
184
530
184
530
184
530
185
530
185
530
185
530
185
530
185
530
186
530
185
530
186
530
187
530
187
530
187
530
187
530
187
530
188
530
187
530
188
530
188
530
189
530
188
530
189
530
189
530
189
530
189
530
189
530
190
530
190
530
190
530
190
529
191
529
191
529
191
529
191
529
191
528
191
529
191
528
191
527
193
527
193
527
193
527
193
525
194
524
194
525
194
524
194
524
194
524
195
524
194
524
195
524
195
524
195
524
195
524
195
523
195
523
195
523
195
523
195
523
195
521
196
523
195
521
196
521
196
520
197
521
196
520
197
520
197
520
197
520
197
520
197
520
197
520
197
520
197
520
197
519
198
519
198
519
198
519
198
519
198
518
198
519
198
518
198
518
198
517
198
518
198
517
198
517
199
517
199
517
199
517
199
517
200
516
200
517
200
516
200
516
200
516
200
516
200
516
200
516
201
516
201
516
201
516
201
515
201
515
201
515
201
515
201
515
201
515
202
515
201
515
202
515
202
514
202
515
202
514
202
514
203
514
203
514
203
514
203
514
204
512
205
514
204
512
205
512
205
512
205
512
205
512
205
512
205
512
205
512
205
512
205
512
206
512
206
512
206
512
206
512
206
512
206
512
206
512
206
512
206
512
206
512
206
512
206
512
206
512
207
512
206
512
207
512
207
512
207
512
207
512
207
512
208
512
208
512
208
512
208
512
208
512
208
512
208
512
208
512
209
512
209
512
209
512
209
512
210
512
211
512
210
512
211
512
211
512
211
512
211
512
211
512
211
512
212
512
211
512
212
512
212
512
212
512
212
512
212
512
212
512
213
512
212
512
213
512
213
512
213
512
213
512
213
512
213
513
214
512
213
513
214
513
215
513
215
513
215
513
215
514
216
514
216
514
216
514
216
514
216
515
217
514
216
515
217
516
218
516
218
516
218
516
218
516
218
516
219
516
218
516
219
516
219
517
219
516
219
517
219
517
219
517
220
517
219
517
220
518
221
518
221
518
221
518
221
518
221
518
221
518
221
518
221
518
221
520
222
518
221
520
222
520
222
521
223
520
222
521
223
521
223
521
223
521
223
521
223
521
223
521
224
521
223
521
224
521
224
522
225
521
224
522
225
522
225
522
225
522
225
522
225
523
226
523
226
523
226
523
226
525
227
525
228
525
227
525
228
525
228
525
229
525
228
525
229
525
229
525
229
525
229
525
229
526
230
526
230
526
230
526
230
526
230
526
231
526
230
526
231
526
231
526
231
526
231
526
231
526
232
526
232
526
232
526
232
526
232
526
232
526
232
526
232
526
232
527
233
526
232
527
233
527
233
527
233
527
233
527
233
527
234
527
234
527
234
527
234
527
234
527
234
527
234
527
234
527
234
527
235
527
234
527
235
527
236
527
236
527
236
527
236
527
236
527
236
527
236
527
236
527
237
527
238
527
237
527
238
527
238
527
239
527
238
527
239
527
240
527
240
527
240
527
240
527
240
527
240
527
240
527
240
527
240
527
241
527
240
527
241
527
241
527
242
527
241
527
242
527
242
527
242
527
242
527
242
527
242
527
243
527
242
527
243
527
243
527
244
527
243
527
244
527
244
527
244
527
244
527
244
527
245
527
245
527
245
527
245
527
245
527
246
527
245
527
246
527
246
526
247
527
246
526
247
526
247
526
247
526
247
526
247
526
247
525
248
526
247
525
248
525
248
524
248
525
248
524
248
524
248
524
249
524
248
524
249
523
250
523
250
523
250
523
250
523
250
523
250
523
250
523
250
523
250
521
251
523
250
521
251
521
251
521
251
521
251
521
251
520
252
520
252
520
252
520
252
520
252
519
253
520
252
519
253
519
253
519
254
519
253
519
254
519
255
519
255
519
255
519
255
517
256
517
256
517
256
517
256
516
257
516
257
516
257
516
257
516
257
515
258
516
257
515
258
514
259
514
259
514
259
514
259
514
260
514
260
514
260
514
260
514
260
514
260
514
260
514
260
514
260
514
261
514
260
514
261
514
262
514
262
514
262
514
262
514
262
514
262
514
262
514
262
514
262
514
262
514
262
514
262
514
262
514
262
514
262
514
262
514
262
514
262
514
262
514
262
514
263
514
264
514
263
514
264
514
264
514
264
514
264
514
264
514
264
514
264
514
264
514
264
514
265
514
265
514
265
514
265
514
266
514
267
514
266
514
267
514
267
514
267
514
267
514
267
514
268
514
268
514
268
514
268
514
268
514
269
514
268
514
269
514
269
514
269
514
269
514
269
514
269
514
270
514
269
514
270
514
271
514
271
514
271
514
271
516
272
516
272
516
272
516
272
516
272
516
272
516
272
516
272
516
272
516
273
516
272
516
273
517
274
517
274
517
274
517
274
517
274
517
274
517
274
517
274
517
274
517
275
517
274
517
275
517
275
518
275
517
275
518
275
518
275
518
275
518
275
518
275
518
275
518
276
518
275
518
276
518
276
519
276
518
276
519
276
520
277
520
277
520
277
520
277
520
277
520
277
520
277
520
277
520
277
520
277
520
277
520
277
520
277
520
278
520
277
520
278
521
278
521
278
521
278
521
278
521
278
521
279
521
278
521
279
521
279
522
279
521
279
522
279
522
280
522
280
522
280
522
280
522
280
522
281
522
280
522
281
522
281
524
282
522
281
524
282
524
282
524
282
524
282
524
282
524
282
525
282
524
282
525
282
525
283
525
283
525
283
525
283
525
283
525
283
525
283
525
283
525
283
525
283
525
283
525
283
525
284
525
284
525
284
525
284
525
285
525
285
525
285
525
285
525
285
526
285
525
285
526
285
526
285
526
286
526
285
526
286
526
287
526
287
526
287
526
287
526
287
527
287
526
287
527
287
527
287
528
288
527
287
528
288
528
288
528
288
528
288
528
288
528
289
528
289
528
289
528
289
528
289
528
289
528
289
528
289
528
289
528
289
528
289
528
289
528
289
528
289
528
289
528
289
528
289
528
289
528
289
528
289
528
289
528
290
528
289
528
290
528
290
528
291
528
290
528
291
528
291
528
291
528
291
528
291
528
291
528
291
528
291
528
291
528
291
528
292
528
291
528
292
528
292
528
292
528
292
528
292
527
292
527
292
527
292
527
292
527
293
526
293
527
293
526
293
526
293
524
294
526
293
524
294
524
295
524
295
524
295
524
295
524
295
524
295
524
295
524
295
523
296
522
296
523
296
522
296
522
296
522
297
522
296
522
297
520
298
520
298
520
298
520
298
520
298
520
298
520
298
520
298
520
298
520
298
520
298
520
298
520
298
520
298
520
298
520
298
520
298
520
298
520
298
520
298
520
298
520
298
520
298
520
298
520
298
520
298
520
298
520
298
520
298
520
298
520
298
520
298
520
298
520
298
520
298
520
298
520
298
519
299
520
298
519
299
519
299
519
299
519
299
519
299
519
299
519
299
519
299
519
299
519
299
519
299
519
299
519
299
519
299
519
299
519
299
519
299
519
299
519
299
519
299
519
299
519
299
519
299
519
299
519
299
519
299
519
299
519
299
519
299
519
299
519
299
519
299
519
299
519
299
519
299
519
299
519
299
519
299
519
299
519
299
519
299
519
300
519
300
519
300
519
300
519
300
519
300
519
300
519
300
519
300
519
300
519
300
519
300
519
300
519
300
519
300
519
300
519
300
519
300
519
300
519
300
519
300
519
300
519
300
519
300
519
300
519
300
519
300
519
300
519
300
519
300
519
300
519
300
519
300
520
301
519
300
520
301
520
301
520
301
520
301
520
301
520
301
520
301
520
301
520
301
520
301
520
301
520
301
520
301
520
301
520
301
520
301
520
301
520
301
520
301
520
301
520
301
520
301
520
301
520
301
520
301
520
301
520
301
520
301
520
301
520
301
521
301
520
301
521
301
521
301
521
301
521
301
521
301
521
301
521
301
521
301
521
301
521
301
521
301
521
301
521
301
521
301
521
302
521
301
521
302
521
302
521
302
521
302
521
302
521
302
521
302
521
302
521
302
521
302
521
302
521
302
521
302
521
302
521
302
521
302
521
302
521
302
521
303
521
302
521
303
521
303
521
303
521
303
521
303
521
303
521
303
521
303
521
303
521
303
521
303
521
303
521
303
521
303
521
303
521
303
521
303
521
303
521
303
521
303
521
303
521
303
521
303
521
303
521
303
521
303
521
303
521
303
521
303
521
303
521
303
521
303
521
303
521
303
521
303
521
303
521
303
521
303
521
303
521
303
521
303
521
303
521
303
521
303
521
303
521
303
521
303
521
303
521
303
521
303
521
303
521
303
521
303
521
303
521
303
521
303
521
303
521
303
521
303
521
303
521
303
521
303
521
303
521
303
521
303
521
303
521
303
521
303
521
303
521
303
521
303
521
303
521
303
521
303
521
303
521
303
521
303
521
303
521
303
521
303
521
303
521
303
521
303
521
303
521
303
521
303
521
303
521
303
521
303
521
303
521
303
521
303
521
303
521
303
521
303
521
303
521
303
521
303
521
303
521
303
521
303
521
303
521
303
521
303
521
303
521
303
521
303
521
303
521
303
521
303
521
303
521
303
521
303
521
303
521
303
521
303
521
303
521
303
521
303
521
303
575
104
575
104
575
104
575
104
575
104
575
104
575
104
575
104
575
104
575
104
575
104
575
104
575
104
575
104
575
104
575
104
575
104
575
104
575
104
575
104
575
104
575
104
575
104
575
104
575
104
575
104
575
104
575
104
575
104
575
104
575
104
575
104
575
104
575
104
575
104
575
104
575
104
575
104
575
104
575
104
575
104
575
104
575
104
575
104
575
104
575
104
575
104
575
104
575
104
575
104
575
104
575
104
575
104
575
104
575
104
575
104
575
104
575
104
575
104
575
104
575
104
575
104
575
104
575
104
575
104
575
104
575
104
575
104
575
104
575
104
575
104
575
104
575
104
575
104
575
104
575
104
575
104
575
104
575
104
575
104
575
104
575
105
575
105
575
105
575
105
575
105
575
105
575
105
575
105
575
105
575
105
575
105
575
105
575
105
575
105
575
105
575
105
575
105
575
105
575
105
575
105
575
105
575
105
575
105
575
105
575
105
575
105
575
105
575
105
575
105
575
105
575
105
575
105
575
105
576
105
575
105
576
105
576
105
576
105
576
105
576
105
578
104
578
104
578
104
578
104
578
104
578
104
578
104
578
104
578
104
579
104
578
104
579
104
580
103
580
103
580
103
580
103
580
103
580
103
580
103
580
103
580
103
581
103
580
103
581
103
581
103
581
103
581
103
581
103
581
102
581
102
581
102
581
102
581
102
581
102
581
102
581
102
581
102
581
102
581
102
581
102
581
102
581
102
581
102
581
102
581
102
581
102
581
102
581
102
581
102
581
102
581
102
581
102
581
102
582
102
581
102
582
102
582
102
582
102
582
102
582
102
582
102
582
102
582
102
582
102
583
101
583
101
583
101
583
101
583
101
583
101
583
101
583
101
583
101
583
101
583
101
583
101
583
101
583
101
583
101
583
101
583
101
583
101
583
101
583
101
583
101
583
101
583
101
583
101
583
101
583
101
583
101
583
101
583
101
583
101
583
101
583
101
583
101
583
101
583
101
583
101
583
101
583
101
583
101
583
101
583
101
583
101
583
101
583
101
583
101
584
101
583
101
584
101
584
101
584
101
584
101
584
101
584
101
584
101
584
101
584
101
584
101
584
101
584
101
584
101
584
100
584
100
584
100
584
100
584
100
584
100
584
100
584
100
584
100
584
100
584
100
584
100
584
100
584
100
584
100
584
100
584
100
584
100
584
100
584
100
584
100
584
100
584
100
584
100
584
100
584
100
584
100
584
100
584
100
584
100
584
100
584
100
584
100
584
100
584
100
584
100
584
100
584
100
584
100
584
100
584
100
584
100
584
100
584
100
584
100
584
100
584
100
584
100
584
100
584
100
584
100
584
100
584
100
584
100
584
100
584
100
584
100
584
100
584
100
584
100
584
100
584
100
584
100
584
100
584
100
584
100
584
100
584
100
584
100
584
100
584
100
584
100
584
100
585
100
584
100
585
100
585
100
585
100
585
100
585
100
585
100
585
100
585
100
585
100
585
100
585
100
585
100
585
100
585
100
585
100
585
100
585
100
585
100
585
100
585
100
585
100
585
100
585
100
585
100
585
100
585
100
585
100
585
100
585
100
585
100
585
100
585
100
585
100
585
100
585
100
585
100
585
100
585
100
585
100
585
100
585
100
585
100
585
100
585
100
585
100
585
100
585
100
585
100
585
100
585
101
585
101
585
101
585
101
585
101
585
101
585
101
585
101
585
101
585
102
585
101
585
102
585
102
585
102
585
102
585
102
585
102
585
102
585
102
585
102
585
102
585
102
585
102
585
102
585
102
585
102
585
102
585
102
585
102
585
102
585
102
585
102
585
102
585
102
585
102
585
102
585
102
585
103
585
102
585
103
585
103
585
103
585
103
585
103
585
103
587
104
585
103
587
104
587
104
587
104
587
104
587
104
587
104
587
105
587
104
587
105
587
105
587
105
587
105
587
105
587
105
587
105
587
105
587
105
587
105
587
105
587
105
587
105
587
105
587
106
587
105
587
106
587
106
587
106
587
106
587
106
587
106
587
106
587
106
587
106
587
106
587
106
587
106
587
106
587
106
587
106
587
106
587
106
587
106
587
106
587
106
587
106
587
106
587
107
587
106
587
107
587
107
587
107
587
107
587
107
587
107
587
107
587
107
587
107
587
108
587
108
587
108
587
108
587
108
587
108
587
108
587
108
587
108
587
108
587
108
587
108
587
108
587
108
587
108
587
108
587
108
587
108
587
108
587
108
587
108
587
108
587
108
587
108
587
108
587
108
587
108
587
108
587
108
587
108
587
108
587
108
587
108
587
108
587
108
587
108
587
108
587
108
587
108
587
108
587
108
587
108
587
108
587
108
587
109
587
109
587
109
587
109
587
109
587
109
587
109
587
109
587
109
587
109
587
109
587
109
587
109
587
110
587
109
587
110
587
110
587
110
587
110
587
110
587
110
587
110
587
110
587
110
587
110
587
110
587
110
587
110
587
110
587
111
587
110
587
111
587
111
587
111
587
111
587
111
587
111
587
111
587
111
587
111
587
111
587
111
587
111
587
111
587
111
586
111
587
111
586
111
586
111
586
111
586
111
586
111
586
111
586
111
586
111
586
111
586
111
586
111
586
111
586
111
586
111
586
111
586
111
586
111
585
111
585
111
585
111
585
111
585
111
585
111
585
111
585
111
585
111
585
111
585
111
585
111
585
111
585
111
585
111
585
111
585
111
585
111
585
111
585
111
585
111
585
111
585
111
585
111
585
111
585
111
585
111
585
111
585
111
585
111
585
111
585
111
585
111
585
111
585
111
585
111
585
111
585
111
585
111
585
111
585
111
585
111
585
111
585
111
585
111
585
111
585
111
585
111
585
111
585
111
585
111
585
111
585
111
585
111
585
111
585
111
585
111
585
111
585
111
585
111
585
111
585
111
585
111
585
111
585
111
585
111
585
111
585
111
585
111
585
111
585
111
585
111
585
111
585
111
585
111
585
111
585
111
585
111
585
111
585
111
585
111
585
111
585
111
585
111
585
111
585
111
585
111
585
111
585
111
585
111
585
111
585
111
585
111
585
111
585
111
585
111
585
111
585
111
585
111
585
111
585
111
585
111
585
111
585
111
585
111
585
111
585
111
585
111
585
111
585
111
585
111
585
111
585
111
585
111
585
111
585
111
585
111
585
111
585
111
585
111
585
111
585
111
585
111
585
111
585
111
585
111
585
111
585
111
585
111
583
111
585
111
583
111
583
111
583
111
583
111
583
111
583
111
582
111
583
111
582
111
582
111
580
111
582
111
580
111
579
111
579
111
579
111
579
111
579
111
579
111
579
111
579
111
579
111
579
111
579
111
579
111
579
111
579
111
579
111
579
111
579
111
579
111
579
111
579
111
579
111
579
111
579
111
579
111
579
111
579
111
579
111
579
111
579
111
579
111
579
111
579
111
579
111
579
111
579
111
579
111
579
111
579
111
579
111
579
111
579
111
577
111
579
111
577
111
577
111
577
111
577
111
577
111
577
111
577
111
577
111
577
111
577
111
577
111
577
111
577
111
577
111
577
111
577
111
577
111
577
111
577
111
577
111
577
111
577
111
577
111
577
111
577
111
577
111
576
110
577
111
576
110
576
110
576
110
576
110
576
110
576
110
576
110
576
110
576
110
576
110
576
110
576
110
576
110
576
110
575
110
576
110
575
110
575
110
575
110
575
110
575
110
575
110
575
110
575
110
575
110
575
110
575
110
575
110
575
110
575
110
575
110
575
110
575
110
575
110
575
110
575
110
575
110
575
110
575
110
575
110
575
110
574
109
574
109
574
109
574
109
574
109
574
109
574
109
574
109
574
109
574
109
574
109
574
109
574
109
574
109
574
109
574
109
574
109
573
109
574
109
573
109
573
109
573
109
573
109
573
109
573
109
573
109
573
109
573
109
573
109
573
109
573
109
573
109
573
109
573
109
573
109
573
109
573
109
573
109
573
109
573
109
573
109
573
109
573
109
573
109
573
109
573
109
573
109
573
109
573
109
573
109
573
109
573
109
573
109
573
109
573
109
573
109
573
109
573
109
573
109
573
109
573
109
573
109
573
109
573
109
573
109
573
109
573
109
573
109
573
109
573
109
573
109
573
109
573
109
573
109
573
109
573
109
573
109
573
109
573
109
573
109
573
109
573
109
573
109
573
109
573
109
573
109
573
109
573
109
573
109
573
109
573
109
573
109
573
109
573
109
573
109
573
109
573
109
573
109
573
109
573
109
573
109
573
109
573
109
573
109
573
109
573
109
573
109
573
109
573
109
574
109
573
109
574
109
574
109
574
109
574
109
574
109
574
109
574
109
574
109
574
109
575
109
575
109
575
109
575
109
575
109
575
109
575
109
575
109
575
109
575
109
575
109
575
109
575
109
575
109
575
109
575
109
575
109
575
109
575
109
575
109
575
109
575
109
575
109
575
109
575
109
575
109
575
109
575
109
575
109
575
109
575
109
575
109
576
109
576
109
576
109
576
109
576
109
576
109
576
109
576
109
576
109
576
109
576
109
576
109
576
109
576
109
576
109
576
109
576
109
576
109
576
109
576
109
576
109
576
109
576
109
576
109
576
109
576
109
576
109
576
109
576
109
576
109
576
109
576
109
576
109
576
109
576
109
576
109
576
109
576
109
576
109
576
109
576
109
576
109
576
109
576
109
577
109
577
109
577
109
577
109
577
109
578
109
577
109
578
109
578
109
578
109
578
109
578
109
578
109
578
109
578
109
578
109
578
109
578
109
578
109
578
109
578
109
579
109
578
109
579
109
579
109
579
109
579
109
579
109
579
109
579
109
579
109
579
109
579
109
579
109
579
109
579
109
579
109
579
109
579
109
579
109
579
109
579
109
579
109
579
109
579
109
579
109
579
109
579
109
579
109
579
109
579
109
579
109
579
109
579
109
579
109
579
109
579
109
579
109
579
109
579
109
580
109
580
109
580
109
580
109
580
109
580
109
580
109
580
109
580
109
580
109
580
109
580
109
580
109
581
109
580
109
581
109
581
109
581
109
581
109
581
109
582
109
582
109
582
109
582
109
582
109
582
109
582
109
582
109
582
109
582
109
582
109
582
109
582
109
582
109
582
109
582
109
582
109
582
109
582
109
582
109
582
109
582
109
582
109
582
109
582
109
582
109
582
109
582
109
582
109
582
109
582
109
582
109
582
109
584
108
582
109
584
108
584
108
584
108
584
108
584
108
584
108
584
108
584
108
584
108
584
108
584
108
584
108
584
108
584
108
584
108
584
108
584
108
584
108
584
108
584
108
584
108
584
108
584
108
584
108
584
108
584
108
584
108
584
108
584
108
584
108
584
108
584
108
584
108
584
108
584
108
584
108
584
108
584
108
584
108
584
108
584
108
584
107
584
107
584
107
584
107
584
107
584
106
584
107
584
106
584
106
584
106
584
106
584
106
584
106
584
106
584
106
584
106
584
106
584
106
584
106
584
106
584
106
584
106
584
106
584
106
584
106
584
106
584
106
584
106
584
106
584
106
584
106
584
106
584
105
584
105
584
105
584
105
584
105
584
105
584
105
584
105
584
104
584
104
584
104
584
104
584
104
584
104
584
104
584
104
584
104
584
104
584
104
584
104
584
104
584
104
584
104
584
104
584
104
584
104
584
104
584
104
584
104
584
104
584
104
584
104
584
104
584
104
584
104
584
104
584
104
584
104
584
104
584
104
584
104
584
104
584
104
584
104
584
104
584
104
584
104
584
104
584
104
584
104
584
104
584
104
584
104
584
104
584
104
584
104
584
104
584
104
584
104
584
104
584
104
584
104
584
104
584
104
584
104
584
104
584
104
584
104
584
104
584
104
584
104
584
104
584
104
584
104
584
104
584
104
584
104
584
104
584
104
584
104
584
104
584
104
584
104
584
104
584
104
584
104
584
104
584
104
584
104
584
104
584
104
584
104
584
104
584
104
584
104
584
104
584
104
584
104
584
104
584
104
584
104
584
104
584
104
584
104
584
104
584
104
584
104
584
104
584
104
584
104
584
104
584
104
584
104
584
104
584
104
584
104
584
104
584
104
584
104
584
104
584
104
584
104
584
104
584
104
584
104
584
104
584
104
575
107
575
107
575
107
575
107
575
107
575
107
575
107
575
107
575
107
575
107
575
107
575
107
575
107
575
107
575
107
575
107
575
107
575
107
575
107
575
107
575
107
575
107
575
107
575
107
575
107
575
107
575
107
575
107
575
107
575
107
575
107
575
107
575
107
575
107
575
107
575
107
575
107
575
107
575
107
575
107
575
107
575
107
575
107
575
107
575
107
575
107
575
107
575
107
575
107
575
107
575
107
575
107
575
107
575
107
575
106
575
107
575
106
575
106
575
106
575
106
575
106
575
106
575
106
575
106
575
106
575
105
576
104
575
105
576
104
576
104
576
104
576
104
576
104
576
104
576
104
576
104
576
104
576
104
576
104
576
104
576
104
576
103
576
102
576
103
576
102
576
102
577
102
576
102
577
102
577
102
577
102
577
102
577
102
577
102
577
102
577
102
577
102
578
102
578
102
578
102
578
102
578
102
578
102
578
102
578
102
578
102
578
102
578
102
578
102
578
102
578
102
578
102
578
102
578
102
578
102
578
102
578
102
578
102
578
102
578
102
578
102
578
102
578
102
578
102
578
102
578
102
578
102
578
102
578
102
578
102
578
102
578
102
578
102
578
102
578
102
578
102
578
102
578
102
578
102
578
102
578
102
579
101
579
101
579
101
579
101
579
101
579
101
579
101
579
101
579
101
579
101
579
101
579
101
579
101
579
101
579
101
579
101
579
101
579
101
579
101
579
101
579
101
579
101
579
101
579
101
579
101
579
101
579
101
579
101
579
101
579
101
579
101
579
101
579
101
579
101
579
101
579
101
579
101
579
101
579
101
579
101
579
101
579
101
579
101
579
101
579
101
579
101
579
101
579
101
579
101
579
101
579
101
579
101
579
101
579
101
579
101
579
101
579
101
579
101
579
101
579
101
579
101
580
101
579
101
580
101
580
101
580
101
580
101
580
101
580
101
580
101
580
101
580
101
581
101
582
101
581
101
582
101
582
101
582
101
582
101
582
101
582
101
583
101
582
101
583
101
583
101
583
101
583
101
583
101
583
101
583
101
583
101
583
101
583
101
583
101
583
101
583
101
583
101
583
101
583
101
583
101
583
101
583
101
583
101
583
101
583
101
583
101
583
101
583
101
583
101
583
101
583
101
583
101
583
101
583
101
583
101
583
101
583
101
583
101
583
101
583
101
583
101
583
101
583
101
583
101
583
101
583
101
583
101
583
101
583
101
583
101
583
101
583
101
583
101
583
101
583
101
583
101
583
101
583
101
583
101
583
101
583
101
583
101
583
101
583
101
583
101
583
101
583
101
583
101
583
101
583
101
583
101
583
101
583
101
583
101
583
101
583
101
583
101
583
101
583
101
583
101
583
101
583
101
583
101
583
101
583
101
583
101
583
101
583
101
583
101
583
101
583
101
583
101
583
101
583
101
583
101
583
101
583
101
583
101
583
101
583
101
583
101
583
101
583
101
583
101
583
101
583
101
583
101
583
101
584
101
584
101
584
101
584
101
584
101
584
101
584
101
584
101
584
101
585
101
584
101
585
101
585
101
585
101
585
101
585
101
586
101
586
101
586
101
586
101
586
101
586
101
586
101
586
101
586
101
587
102
586
101
587
102
587
102
587
102
587
102
587
102
587
102
587
102
587
102
587
102
587
102
587
102
587
102
587
102
587
102
588
102
587
102
588
102
588
102
588
102
588
102
588
102
588
102
588
102
588
102
588
102
588
102
588
102
588
102
588
102
588
102
588
102
588
102
588
102
588
102
588
102
588
102
588
102
588
102
588
102
588
102
588
102
588
102
588
103
588
102
588
103
588
103
588
103
588
103
588
103
588
104
588
104
588
104
588
104
588
104
588
104
588
104
588
104
588
104
588
104
588
104
588
104
588
104
588
104
588
104
588
104
588
104
588
104
588
104
588
104
588
104
588
105
588
104
588
105
588
105
588
105
588
105
588
105
588
105
588
105
588
105
588
105
588
105
588
105
588
105
588
105
588
106
588
106
588
106
588
106
588
106
588
106
588
106
588
106
588
106
588
106
588
106
588
106
588
106
588
107
588
106
588
107
588
107
588
107
588
107
588
107
588
107
587
107
588
107
587
107
587
107
587
107
587
107
587
107
587
107
587
107
587
107
587
107
587
107
586
107
587
107
586
107
586
107
586
107
586
107
586
107
586
107
586
107
586
107
586
107
586
107
586
107
586
107
586
107
586
107
586
107
586
107
586
107
586
107
586
107
586
107
586
107
586
107
586
107
586
107
586
107
586
107
586
107
586
107
586
107
586
107
586
107
586
107
586
107
586
107
586
107
586
107
586
107
586
107
586
107
586
107
586
107
586
107
586
107
586
107
586
107
586
107
586
107
586
107
586
107
586
107
586
107
586
107
586
107
586
107
586
107
586
107
586
107
586
107
584
107
586
107
584
107
584
107
584
107
584
107
584
107
584
107
584
107
584
107
584
107
584
107
584
107
584
107
584
107
584
107
584
107
584
107
584
107
584
107
584
107
584
107
584
107
584
107
584
107
584
107
584
107
584
107
584
107
584
107
584
107
584
107
584
107
584
107
584
107
584
107
584
107
584
107
584
107
584
107
584
107
584
107
584
107
584
107
584
107
584
107
584
107
584
107
584
107
584
107
584
107
584
107
584
107
584
107
584
107
584
107
583
107
584
107
583
107
583
107
582
107
583
107
582
107
582
107
582
107
582
107
582
107
582
107
582
107
582
107
582
107
582
107
582
107
582
107
582
107
582
107
582
107
582
107
582
107
582
107
582
107
582
107
582
107
582
107
582
107
582
107
582
107
582
107
582
107
582
107
582
107
582
107
582
107
582
107
582
107
582
107
582
107
582
107
582
107
582
107
582
107
582
107
582
107
582
107
582
107
582
107
582
107
582
107
582
107
582
107
582
107
582
107
582
107
582
107
582
107
582
107
582
107
582
107
582
107
582
107
