345
185
345
185
345
185
345
185
345
185
345
185
345
185
345
185
345
185
345
185
345
185
345
185
345
185
345
185
345
185
345
185
345
185
345
185
345
185
345
185
345
185
345
185
345
185
345
185
345
185
345
185
345
185
345
185
345
185
345
185
345
185
345
185
345
185
345
185
345
185
345
185
345
185
345
185
345
185
345
185
344
186
345
185
344
186
344
186
344
186
344
186
344
186
343
186
343
186
343
186
343
186
343
186
343
187
343
186
343
187
343
187
342
187
343
187
342
187
342
187
341
188
342
187
341
188
341
188
341
188
341
188
341
188
341
189
340
189
341
189
340
189
340
189
340
190
340
189
340
190
339
190
339
190
339
190
339
190
339
190
339
191
339
190
339
191
339
191
339
192
339
191
339
192
338
193
338
193
338
193
338
193
338
193
338
193
338
193
338
193
338
193
337
194
338
193
337
194
337
194
336
195
337
194
336
195
336
195
336
195
336
195
336
195
336
195
336
195
336
195
336
195
336
196
335
197
336
196
335
197
335
197
335
197
335
197
335
197
335
197
335
197
335
197
335
197
335
198
335
198
335
198
335
198
335
199
335
199
335
199
335
199
335
199
335
199
335
199
335
199
335
199
335
199
335
199
335
199
335
200
335
201
335
200
335
201
335
201
335
201
335
201
335
201
335
201
335
201
335
201
335
201
335
202
335
202
335
202
335
202
335
203
335
203
335
203
335
203
335
203
335
204
335
203
335
204
335
204
335
205
335
204
335
205
335
205
335
205
335
205
335
205
335
206
335
206
335
206
335
206
335
206
335
207
335
206
335
207
335
207
335
207
335
207
335
207
335
208
335
208
335
208
335
208
335
208
335
208
335
208
335
208
335
208
335
208
335
208
335
208
335
209
335
209
335
209
335
209
335
209
335
209
335
209
335
209
335
209
335
210
335
209
335
210
335
210
335
210
335
210
335
210
335
211
335
211
335
211
335
211
335
211
335
211
335
211
335
211
335
211
335
212
335
211
335
212
335
212
335
212
335
212
335
212
335
213
335
213
335
213
335
213
336
213
337
214
336
213
337
214
337
214
337
215
337
214
337
215
338
216
338
216
338
216
338
216
338
216
339
218
338
216
339
218
339
218
340
218
339
218
340
218
341
219
341
219
341
219
341
219
341
219
341
219
341
219
341
219
341
219
341
219
341
219
341
219
341
219
342
220
341
219
342
220
343
220
343
220
343
220
343
220
344
221
345
221
344
221
345
221
345
221
345
222
345
221
345
222
345
222
345
222
345
222
345
222
346
223
346
223
346
223
346
223
347
223
347
223
347
223
347
223
347
223
349
224
347
223
349
224
349
224
349
224
349
224
349
224
350
224
350
224
350
224
350
224
350
224
351
225
350
224
351
225
351
225
351
226
351
225
351
226
352
227
352
227
352
227
352
227
352
227
352
227
352
227
352
227
352
227
353
227
352
227
353
227
353
227
353
227
353
227
353
227
354
227
354
227
354
227
354
227
354
227
354
227
354
227
354
227
354
227
355
228
354
227
355
228
355
228
355
228
355
228
355
228
355
229
355
229
355
229
355
229
355
229
356
229
355
229
356
229
356
229
356
229
356
229
356
229
356
229
356
229
356
229
356
229
356
229
357
229
356
229
357
229
357
229
357
229
357
229
357
229
359
230
359
230
359
230
359
230
361
231
361
231
361
231
361
231
361
231
362
231
361
231
362
231
362
231
362
231
362
231
362
231
362
232
362
232
362
232
362
232
363
232
365
233
363
232
365
233
365
233
366
233
365
233
366
233
367
233
367
233
367
233
367
233
367
234
367
234
367
234
367
234
369
234
370
235
369
234
370
235
371
235
371
235
371
235
371
235
371
235
371
235
371
235
371
235
372
235
372
235
372
235
372
235
372
235
372
235
372
235
372
235
372
235
372
235
372
235
372
235
373
236
373
236
373
236
373
236
373
236
374
236
373
236
374
236
374
236
375
237
374
236
375
237
375
237
375
237
375
237
375
237
376
237
376
237
376
237
376
237
377
238
378
239
377
238
378
239
378
239
378
239
378
239
378
239
379
240
379
240
379
240
379
240
380
241
380
241
380
241
380
241
380
241
382
242
380
241
382
242
383
243
383
243
383
243
383
243
384
243
384
244
384
243
384
244
384
244
384
245
384
244
384
245
384
245
384
245
384
245
384
245
384
246
384
246
384
246
384
246
386
247
386
247
386
247
386
247
386
247
386
248
386
247
386
248
386
248
387
248
386
248
387
248
387
248
387
249
387
248
387
249
387
249
387
249
387
249
387
249
387
249
387
250
387
249
387
250
387
250
387
250
387
250
387
250
387
250
388
251
387
250
388
251
388
251
388
251
388
251
388
251
388
251
388
251
388
251
388
251
388
252
388
252
388
252
388
252
388
252
388
253
388
252
388
253
388
253
388
254
388
253
388
254
388
254
388
254
388
254
388
254
388
255
388
256
388
255
388
256
388
256
388
257
388
256
388
257
388
257
388
258
388
257
388
258
388
259
388
259
388
259
388
259
388
259
388
259
388
259
388
259
388
261
388
261
388
261
388
261
388
262
388
262
388
262
388
262
388
263
388
263
388
263
388
263
388
263
388
264
388
263
388
264
388
264
388
265
388
264
388
265
388
265
388
265
388
265
388
265
389
266
389
266
389
266
389
266
389
266
389
267
389
266
389
267
389
267
389
267
389
267
389
267
389
268
389
268
389
268
389
268
389
269
389
269
389
269
389
269
389
269
389
269
389
269
389
269
389
269
391
270
389
269
391
270
391
271
391
271
391
271
391
271
391
271
391
272
391
271
391
272
391
272
392
273
391
272
392
273
392
273
392
273
392
273
392
273
393
274
393
274
393
274
393
274
393
275
394
275
393
275
394
275
394
275
395
276
394
275
395
276
396
276
396
276
396
276
396
276
397
277
397
277
397
277
397
277
397
277
397
277
397
277
397
277
397
277
397
277
397
277
397
277
397
277
397
277
397
277
397
277
397
277
398
277
397
277
398
277
398
277
399
278
398
277
399
278
399
278
399
278
399
278
399
278
399
278
399
278
399
278
399
278
399
278
400
278
399
278
400
278
400
278
401
278
400
278
401
278
401
278
402
278
401
278
402
278
404
279
404
279
404
279
404
279
404
279
405
279
404
279
405
279
405
279
406
279
405
279
406
279
406
279
406
279
406
279
406
279
407
279
407
280
407
279
407
280
407
280
407
280
407
280
407
280
407
280
408
280
407
280
408
280
409
281
409
281
409
281
409
281
410
281
412
282
410
281
412
282
412
282
412
282
412
282
412
282
413
283
413
283
413
283
413
283
414
283
414
283
414
283
414
283
416
285
417
285
416
285
417
285
417
285
417
285
417
285
417
285
417
285
418
286
417
285
418
286
418
287
418
287
418
287
418
287
419
288
419
289
419
288
419
289
419
289
420
289
419
289
420
289
420
290
420
290
420
290
420
290
420
290
420
290
420
290
420
290
420
290
420
291
420
290
420
291
420
291
420
291
420
291
420
291
420
292
420
292
420
292
420
292
420
293
420
294
420
293
420
294
420
294
420
295
420
294
420
295
420
295
420
295
420
295
420
295
420
296
420
296
420
296
420
296
420
297
420
298
420
297
420
298
420
298
420
299
420
298
420
299
420
299
420
299
420
299
420
299
420
301
420
302
420
301
420
302
420
302
420
302
420
302
420
302
420
302
419
303
420
302
419
303
419
304
419
304
419
304
419
304
419
305
419
306
419
305
419
306
419
306
419
306
419
306
419
306
419
306
419
306
419
306
419
306
419
307
419
307
419
307
419
307
419
308
417
309
419
308
417
309
417
309
417
309
417
309
417
309
417
311
417
311
417
311
417
311
417
311
417
311
417
311
417
311
417
312
417
313
417
312
417
313
417
313
417
314
417
313
417
314
417
315
417
315
417
315
417
315
417
316
417
317
417
316
417
317
417
317
417
319
417
317
417
319
417
319
417
319
417
319
417
319
418
320
418
320
418
320
418
320
418
320
419
321
418
320
419
321
419
321
419
322
419
321
419
322
421
323
421
323
421
323
421
323
421
323
421
323
421
323
421
323
421
323
421
323
421
323
421
323
422
324
422
324
422
324
422
324
422
324
422
324
422
324
422
324
422
324
423
324
422
324
423
324
423
324
423
324
423
324
423
324
425
325
425
325
425
325
425
325
425
325
425
325
425
325
425
325
425
325
426
325
425
325
426
325
426
325
426
325
426
325
426
325
426
326
426
326
426
326
426
326
428
327
430
327
428
327
430
327
430
327
431
327
430
327
431
327
433
327
433
327
433
327
433
327
433
327
433
327
433
327
433
327
434
327
434
327
434
327
434
327
434
327
434
327
434
327
434
327
434
327
434
327
434
327
434
327
434
327
434
327
434
327
434
327
434
327
434
327
434
327
434
327
434
327
434
327
434
327
434
327
434
327
434
327
434
327
434
327
435
328
435
328
435
328
435
328
435
328
438
329
435
328
438
329
442
329
442
329
442
329
442
329
444
330
444
330
444
330
444
330
445
330
447
331
445
330
447
331
447
331
451
331
447
331
451
331
451
331
452
332
451
331
452
332
454
332
455
333
454
332
455
333
455
333
456
333
455
333
456
333
456
333
456
333
456
333
456
333
456
333
456
333
456
333
456
333
456
333
456
333
456
333
456
333
456
333
456
333
456
333
456
333
456
333
456
333
456
333
456
333
456
333
456
333
456
333
456
333
456
333
457
334
456
333
457
334
457
334
457
334
457
334
457
334
458
334
458
334
458
334
458
334
458
334
458
334
458
334
458
334
458
334
458
335
458
334
458
335
458
335
458
335
458
335
458
335
458
335
458
335
458
335
458
335
458
335
458
336
458
335
458
336
458
336
458
336
458
336
458
336
458
336
458
336
458
336
458
336
458
337
458
337
458
337
458
337
458
337
458
337
458
337
458
337
458
337
458
337
458
337
458
337
458
337
458
337
458
337
458
337
458
337
458
337
458
337
458
337
458
337
458
337
458
337
458
337
458
337
458
337
458
337
458
337
458
337
458
337
458
337
458
337
458
337
458
337
458
337
458
337
458
337
458
337
458
337
458
337
458
337
458
337
458
337
458
337
458
337
458
337
458
337
458
337
458
337
458
337
458
337
458
337
458
337
458
337
458
337
458
337
458
337
458
337
458
337
458
337
458
337
458
337
458
337
458
337
458
337
458
337
458
337
458
337
458
337
342
187
342
187
342
187
342
187
342
187
342
187
342
187
342
187
342
187
342
187
342
187
342
187
342
187
342
187
342
187
342
187
342
187
342
187
342
187
342
187
342
187
342
187
342
187
342
187
342
187
342
187
342
187
342
187
342
187
342
187
342
187
342
187
342
187
342
187
342
187
342
187
342
187
342
187
342
187
342
187
342
187
342
187
342
187
342
187
342
187
342
187
342
187
342
187
342
187
342
187
342
187
342
187
342
187
342
187
342
187
342
187
342
187
342
187
342
187
342
187
342
187
342
187
342
187
342
187
342
187
342
187
342
187
342
187
342
187
342
187
342
187
342
187
342
187
342
187
342
187
342
187
342
187
342
187
342
187
342
187
342
187
342
187
342
187
342
187
342
187
342
187
342
187
342
187
342
187
342
187
342
187
342
186
342
186
342
186
342
186
342
186
342
186
342
186
342
186
342
186
342
186
342
186
342
186
342
186
342
186
342
186
342
186
342
186
342
185
342
186
342
185
343
185
343
185
343
185
343
185
343
185
343
185
343
185
343
185
343
185
343
185
343
185
343
185
343
185
344
185
343
185
344
185
344
185
344
185
344
185
344
185
344
185
344
185
344
185
344
185
344
185
344
185
344
185
344
185
344
185
344
185
344
185
344
185
345
184
345
184
345
184
345
184
345
184
345
184
345
184
345
184
345
184
345
184
345
184
345
184
345
184
345
184
345
184
345
184
345
184
345
184
345
184
345
184
345
184
345
183
345
184
345
183
345
183
345
183
345
183
345
183
345
183
345
183
345
183
345
183
345
183
345
183
345
183
345
183
345
183
345
183
345
183
345
183
345
183
345
183
345
183
345
183
345
183
345
183
345
183
345
183
345
183
345
183
345
183
345
183
345
183
345
183
345
183
345
183
345
183
345
183
345
183
345
183
345
183
345
183
345
183
345
183
345
183
345
183
345
183
345
183
345
183
345
183
345
183
345
183
345
183
345
183
345
183
345
183
345
183
345
183
345
183
345
183
345
183
345
183
345
183
345
183
345
183
345
183
345
183
345
183
345
183
345
183
345
183
345
183
345
183
345
183
345
183
345
183
345
183
345
183
345
183
345
183
345
183
345
183
345
183
345
183
345
183
346
183
345
183
346
183
346
183
346
183
346
183
346
183
346
183
346
183
346
183
346
183
346
183
346
183
346
183
346
183
346
183
346
183
346
183
346
183
346
183
346
183
346
183
346
183
346
183
346
183
346
183
346
183
346
183
346
183
346
183
346
183
346
183
346
183
346
183
346
183
346
183
346
183
346
183
346
183
346
183
346
183
346
183
346
183
346
183
347
183
346
183
347
183
347
183
347
183
347
183
347
183
347
183
347
183
347
183
347
183
347
183
347
183
347
183
347
183
347
183
347
183
347
183
347
183
348
183
348
183
348
183
348
183
348
183
348
183
348
183
348
183
348
183
348
183
348
183
348
183
348
183
348
183
348
183
348
183
348
183
348
183
348
183
348
183
348
183
348
184
348
183
348
184
348
184
348
184
348
184
348
184
348
184
348
184
348
184
348
184
348
184
348
184
348
184
348
184
348
184
348
184
348
184
348
184
348
184
348
184
348
184
348
184
348
184
349
184
348
184
349
184
349
184
349
184
349
184
349
184
349
184
349
184
349
184
349
184
349
184
349
184
349
184
349
184
350
185
350
185
350
185
350
185
350
185
350
185
350
185
350
185
350
185
350
185
350
185
350
185
350
185
350
185
350
185
350
185
350
185
350
185
350
185
350
185
350
185
350
185
350
185
350
185
350
185
351
185
350
185
351
185
351
185
351
185
351
185
351
185
351
185
351
185
351
185
351
185
351
185
351
185
351
185
351
185
351
185
351
185
351
185
351
185
351
185
351
185
351
185
351
185
351
185
351
185
351
185
351
185
351
185
351
185
351
185
351
185
351
185
351
185
351
185
351
185
351
185
351
185
351
185
351
185
351
186
351
186
351
186
351
186
351
186
351
186
351
186
351
186
351
186
351
186
351
186
351
186
351
186
351
186
351
186
351
186
351
187
351
187
351
187
351
187
351
187
351
187
351
187
351
187
351
187
351
187
351
187
351
187
351
187
351
187
351
187
351
187
351
187
351
187
351
187
351
187
351
187
351
187
351
187
351
187
351
187
351
187
351
187
351
187
351
187
351
187
351
187
351
187
351
187
351
187
351
187
351
187
351
187
351
187
351
187
351
187
351
187
351
187
351
187
351
187
351
187
351
187
351
187
351
187
351
187
351
187
351
187
351
187
351
187
351
187
351
187
351
187
351
187
351
187
351
187
351
187
351
187
351
187
351
187
351
187
351
187
351
187
351
187
351
187
351
187
351
187
351
187
351
187
351
187
351
187
351
187
351
187
351
187
351
187
351
187
351
187
351
187
351
187
351
187
351
187
351
187
351
187
351
187
351
187
351
187
351
187
351
187
351
187
351
187
351
187
351
187
351
187
351
187
351
187
351
187
351
187
351
187
351
187
351
187
351
187
351
187
351
187
351
187
351
187
351
187
351
187
351
187
351
187
351
187
351
187
351
187
351
187
351
187
351
187
351
187
351
187
351
187
351
187
351
187
351
187
351
187
351
187
351
187
351
187
351
187
351
187
351
187
351
187
351
187
351
187
351
187
351
187
351
187
351
187
351
187
351
187
351
187
351
188
351
187
351
188
351
188
351
188
351
188
351
188
351
188
351
188
351
188
351
188
351
188
350
189
351
188
350
189
350
189
350
189
350
189
350
189
350
189
350
189
350
189
350
189
350
189
350
189
350
189
350
189
350
189
350
189
350
189
350
189
350
189
350
189
350
189
350
189
349
190
349
190
349
190
349
190
349
190
349
190
349
190
349
190
349
190
349
190
349
190
349
190
349
190
349
190
349
190
349
190
349
190
349
190
349
190
349
190
349
190
349
190
349
190
349
190
349
190
349
190
349
190
349
190
349
190
348
190
349
190
348
190
348
190
348
190
348
190
348
190
348
190
348
190
348
190
348
190
348
190
348
190
348
190
348
190
348
190
348
190
348
190
348
190
348
190
348
190
348
190
348
190
347
190
347
190
347
190
347
190
347
190
347
190
347
190
347
190
347
190
347
190
347
190
347
190
347
190
347
190
347
190
347
190
347
190
346
190
347
190
346
190
346
190
346
190
346
190
346
190
345
190
345
190
345
190
345
190
345
190
345
190
345
190
345
190
345
190
345
190
345
190
345
190
345
190
345
190
345
190
345
190
345
190
345
190
345
190
345
190
344
190
344
190
344
190
344
190
344
190
344
190
344
190
344
190
344
190
344
190
344
190
344
190
343
190
343
190
343
190
343
190
343
190
343
190
343
190
343
190
343
190
343
190
343
190
343
190
343
190
343
190
343
190
343
190
343
190
343
190
343
190
343
190
343
190
343
190
343
190
343
190
343
190
343
190
343
190
343
190
343
190
343
190
343
190
343
190
343
190
343
190
343
190
343
190
343
190
343
190
343
190
343
190
343
190
343
190
343
190
343
190
343
190
343
190
343
190
343
190
343
190
343
190
343
190
343
190
343
190
343
190
343
190
343
190
343
190
343
190
343
190
343
190
343
190
343
190
343
190
343
190
343
190
343
190
343
190
343
190
343
190
343
190
343
190
343
190
343
190
343
190
343
190
343
190
343
190
343
190
343
190
343
190
343
190
343
190
343
190
343
190
343
190
343
190
343
190
343
190
343
190
343
190
343
190
343
190
343
190
343
190
343
190
343
190
343
190
343
190
343
190
343
190
343
190
343
190
343
190
343
190
343
190
343
190
343
190
343
190
343
190
343
190
343
190
343
190
343
190
343
190
343
190
343
190
343
190
343
190
343
190
343
190
343
190
343
190
343
190
343
190
343
190
343
190
343
190
343
190
343
190
343
190
343
190
343
190
343
190
343
190
343
190
343
190
343
190
343
190
343
190
343
190
343
190
343
190
343
190
343
190
343
190
343
190
343
190
343
190
343
190
343
190
343
190
343
190
343
190
343
190
343
190
343
190
343
190
343
190
343
190
343
190
343
190
343
190
343
190
343
190
343
190
343
190
343
190
343
190
343
190
343
190
343
190
343
190
343
190
343
190
343
190
343
190
343
190
343
190
343
190
343
190
343
190
343
190
343
190
343
190
343
190
343
190
343
190
343
190
343
190
343
190
343
190
343
190
343
190
343
190
343
190
343
190
344
191
344
191
344
191
344
191
344
191
344
191
344
191
344
191
344
191
344
191
344
191
344
191
344
191
344
191
344
191
344
191
344
191
344
191
344
191
344
191
345
191
345
191
345
191
345
191
345
191
345
191
345
191
345
191
345
191
345
191
345
191
345
191
345
191
345
191
345
191
345
191
345
191
346
191
345
191
346
191
346
191
346
191
346
191
346
191
346
191
346
191
346
191
346
191
346
191
346
191
346
191
346
191
346
191
346
191
346
191
346
191
346
191
346
191
346
191
346
191
346
191
346
191
346
191
346
191
346
191
346
191
346
191
346
191
346
191
346
191
346
191
346
191
346
191
346
191
346
191
346
191
346
191
346
191
346
191
346
191
346
191
346
191
346
191
346
191
346
191
346
191
346
191
346
191
346
191
346
191
346
191
346
191
346
191
346
191
346
191
346
191
346
191
346
191
346
191
346
191
346
191
346
191
346
191
346
191
346
191
346
191
346
191
346
191
346
191
346
191
346
191
346
191
346
191
346
191
346
191
346
191
346
191
346
191
346
191
346
191
346
191
346
191
346
191
346
191
346
191
347
191
346
191
347
191
347
191
347
191
347
191
347
191
347
191
347
191
347
191
347
191
347
191
347
191
347
191
347
191
347
191
347
191
347
191
347
191
347
191
347
191
347
191
347
191
347
191
347
191
347
191
347
191
347
191
347
191
347
191
347
191
347
191
347
191
347
191
347
191
347
191
347
191
347
191
347
191
347
191
347
191
347
191
347
191
347
191
347
191
347
191
347
191
347
191
347
191
347
191
347
191
347
191
347
191
347
191
347
191
347
191
347
191
347
191
347
191
347
191
347
191
347
191
347
191
347
191
348
191
347
191
348
191
348
191
348
191
348
191
348
191
348
191
348
191
348
191
348
191
348
191
348
191
348
191
348
191
348
191
348
191
348
191
348
191
348
191
348
191
348
191
348
191
348
191
348
191
348
191
348
191
348
191
349
191
348
191
349
191
349
191
349
191
349
191
349
191
349
191
349
191
349
191
349
191
349
191
349
191
349
191
349
191
349
191
349
191
349
191
349
191
350
190
350
190
350
190
350
190
350
190
350
190
350
190
350
190
350
190
350
190
350
190
350
190
350
190
350
190
350
190
350
190
350
190
350
190
350
190
350
190
350
190
350
190
350
190
350
190
350
190
350
190
350
190
350
190
350
190
350
190
350
190
350
190
350
190
350
190
350
190
350
190
350
190
350
190
350
190
350
190
350
190
350
190
350
190
350
190
350
190
350
190
350
190
350
190
350
190
350
190
350
190
350
190
350
190
350
190
350
190
350
190
350
190
350
190
350
190
350
190
350
190
350
190
350
190
350
190
350
190
350
190
350
190
350
190
350
190
350
190
350
190
350
190
350
190
350
190
350
190
350
190
350
190
350
190
350
190
350
190
350
190
350
190
350
190
350
190
350
190
350
190
350
190
350
190
350
190
350
190
350
190
350
190
350
190
350
190
350
190
350
190
350
190
350
190
350
190
350
190
350
190
350
190
350
190
350
190
350
190
350
190
350
190
350
190
350
190
350
190
350
190
350
190
350
190
350
190
350
190
350
190
350
190
350
190
350
190
350
190
350
190
350
190
350
190
350
190
350
190
350
190
350
190
350
190
350
190
350
190
350
190
350
190
350
190
350
190
350
190
350
190
350
190
350
190
350
190
350
190
350
190
350
190
350
190
350
190
350
190
350
190
350
190
350
190
350
190
350
190
350
190
350
190
350
190
350
190
350
190
350
190
350
190
350
190
350
190
350
190
350
190
350
190
350
190
350
190
350
190
350
190
350
190
350
190
350
190
350
190
350
190
350
190
350
190
350
190
350
190
350
190
350
190
350
190
350
190
350
190
350
190
350
190
350
190
350
190
350
190
350
190
350
190
350
190
350
190
350
190
350
190
350
190
350
190
350
190
350
190
350
190
350
190
350
190
350
190
350
190
350
189
349
189
350
189
349
189
349
189
349
189
349
189
349
189
349
189
348
189
349
189
348
189
347
189
347
189
347
189
347
189
346
189
346
189
346
189
346
189
345
189
345
189
345
189
345
189
345
189
344
189
345
189
344
189
343
189
343
189
343
189
343
189
343
189
343
189
343
189
343
189
343
189
343
189
343
189
343
189
343
189
343
189
343
189
343
189
343
189
343
189
343
189
343
189
343
189
343
189
343
189
343
189
343
189
343
189
343
189
343
189
343
189
343
189
343
189
343
189
343
189
343
189
343
189
343
189
343
189
343
189
343
189
343
189
343
189
343
189
343
189
343
189
343
189
343
189
343
189
343
189
343
189
343
189
343
189
343
189
343
189
342
189
343
189
342
189
342
189
342
189
342
189
342
189
342
189
342
189
342
189
342
189
342
189
342
189
342
189
342
189
342
189
342
189
342
189
342
189
342
189
342
189
342
189
342
189
342
189
342
189
342
189
342
189
342
189
342
189
342
189
342
189
342
189
342
189
342
189
342
189
342
189
342
189
342
189
342
189
342
189
342
189
342
189
342
189
342
189
342
189
342
189
342
189
342
189
342
189
342
189
342
189
342
189
342
189
342
189
342
189
342
189
342
189
342
189
342
189
342
189
342
189
342
189
342
189
342
189
342
189
342
189
342
189
342
189
342
189
342
189
342
189
342
189
342
189
342
189
342
189
342
189
342
189
342
189
342
189
342
189
342
189
342
189
342
189
342
189
342
189
342
189
342
189
342
189
342
189
342
189
342
189
342
189
342
189
342
189
342
189
342
189
342
189
342
189
342
189
342
189
342
189
342
189
342
189
342
189
